Frame	Mem Length	A-CatApicalMean	A-CatApicalSum	A-CatApicalNorm	A-CatApicalVertices	ActinApicalMean	ActinApicalSum	ActinApicalNorm	ActinApicalVertices	ApicalRatio	A-CatMedialMean	A-CatMedialSum	A-CatMedialNorm	A-CatMedialVertices	ActinMedialMean	ActinMedialSum	ActinMedialNorm	ActinMedialVertices	MedialRatio	A-CatBasalMean	A-CatBasalSum	A-CatBasalNorm	A-CatBasalVertices	ActinBasalMean	ActinBasalSum	ActinBasalNorm	ActinBasalVertices	BasalRatio
1	19.578	31.758	3144	1.627	37.571	33.929	1425	1.286	33.929	0.791	37.571	1578	1.925	37.571	33.929	1425	1.286	33.929	0.668	76.524	3214	1.978	76.524	25.810	1084	0.590	25.810	0.298
2	18.045	25.288	2023	1.323	41.738	30.810	1294	1.203	30.810	0.910	41.738	1753	2.184	41.738	30.810	1294	1.203	30.810	0.551	72.905	3062.000	1.909	72.905	28.310	1189	0.648	28.310	0.339
3	16.688	26.810	2252	1.418	28.619	27.071	1137	1.077	27.071	0.759	28.619	1202	1.514	28.619	27.071	1137	1.077	27.071	0.711	78.238	3286	2.052	78.238	30.857	1296	0.708	30.857	0.345
4	20.594	29.029	3048	1.455	27.929	33.810	1420	1.260	33.810	0.866	27.929	1173	1.400	27.929	33.810	1420	1.260	33.810	0.900	86.286	3624.000	2.212	86.286	33.452	1405.000	0.777	33.452	0.351
5	16.735	24.427	2174	1.252	36.357	24.643	1035	0.948	24.643	0.758	36.357	1527.000	1.863	36.357	24.643	1035	0.948	24.643	0.509	84.762	3560	2.194	84.762	28.167	1183	0.651	28.167	0.297
6	17.755	25.023	2202	1.319	30.119	36.571	1536	1.452	36.571	1.102	30.119	1265	1.587	30.119	36.571	1536	1.452	36.571	0.915	92.452	3883	2.409	92.452	32.714	1374	0.763	32.714	0.317
7	15.033	30.514	2258	1.547	33.262	28.238	1186	1.085	28.238	0.702	33.262	1397	1.686	33.262	28.238	1186	1.085	28.238	0.644	82.190	3452	2.120	82.190	24.929	1047	0.582	24.929	0.275
8	15.628	29.114	2300	1.543	39.143	35.524	1492	1.433	35.524	0.929	39.143	1644.000	2.074	39.143	35.524	1492	1.433	35.524	0.691	77.643	3261	2.027	77.643	29.857	1254	0.694	29.857	0.342
9	14.758	27.192	1985.000	1.477	34.333	40.786	1713	1.681	40.786	1.138	34.333	1442	1.864	34.333	40.786	1713	1.681	40.786	0.901	69.452	2917	1.825	69.452	35.429	1488	0.825	35.429	0.452
10	15.782	32.300	2584	1.764	39	31.024	1303	1.278	31.024	0.725	39	1638	2.130	39	31.024	1303	1.278	31.024	0.600	82.714	3474.000	2.211	82.714	26.381	1108	0.614	26.381	0.278
11	15.628	32	2496	1.689	36.333	32.071	1347	1.267	32.071	0.750	36.333	1526	1.918	36.333	32.071	1347	1.267	32.071	0.660	88.262	3707	2.329	88.262	24.190	1016	0.561	24.190	0.241
12	17.007	27.645	2101	1.555	18.357	28.310	1189	1.204	28.310	0.774	18.357	771	1.033	18.357	28.310	1189	1.204	28.310	1.166	71.143	2988	1.911	71.143	31.286	1314	0.724	31.286	0.379
13	14.960	22.897	1557	1.332	23.667	24.881	1045	1.098	24.881	0.825	23.667	994	1.376	23.667	24.881	1045	1.098	24.881	0.798	60.048	2522	1.638	60.048	22.833	959	0.530	22.833	0.324
14	20.262	28.476	2933	1.621	30.810	14.119	593	0.611	14.119	0.377	30.810	1294	1.754	30.810	14.119	593	0.611	14.119	0.348	74.452	3127	2.038	74.452	23.500	987	0.549	23.500	0.269
15	17.017	23.440	1969	1.302	24.143	21.905	920	0.920	21.905	0.707	24.143	1014	1.341	24.143	21.905	920	0.920	21.905	0.686	61.786	2595	1.677	61.786	28.571	1200	0.671	28.571	0.400
16	17.252	27.416	2111	1.484	31.238	29.929	1257	1.232	29.929	0.830	31.238	1312	1.691	31.238	29.929	1257	1.232	29.929	0.729	67.833	2849	1.837	67.833	34.071	1431	0.808	34.071	0.440
17	16.757	28.105	2136	1.616	33.381	32.524	1366	1.431	32.524	0.886	33.381	1402	1.919	33.381	32.524	1366	1.431	32.524	0.746	66.905	2810.000	1.857	66.905	30.524	1282	0.721	30.524	0.388
18	17.464	22.955	2043	1.318	24.833	34.262	1439	1.499	34.262	1.138	24.833	1043	1.426	24.833	34.262	1439	1.499	34.262	1.052	88.381	3712	2.460	88.381	27.310	1147	0.646	27.310	0.263
19	15.988	33.090	2581	1.862	40.071	31.238	1312	1.325	31.238	0.711	40.071	1683	2.255	40.071	31.238	1312	1.325	31.238	0.587	89.952	3778	2.479	89.952	29.976	1259	0.710	29.976	0.286
20	19.164	26.790	2679	1.541	30.262	35.286	1482	1.557	35.286	1.011	30.262	1271	1.740	30.262	35.286	1482	1.557	35.286	0.895	70.786	2973.000	1.975	70.786	27.310	1147	0.648	27.310	0.328
21	17.862	31.556	2840	1.852	32.143	43.524	1828	1.928	43.524	1.041	32.143	1350.000	1.886	32.143	43.524	1828	1.928	43.524	1.022	73.500	3087	2.074	73.500	34.119	1433	0.803	34.119	0.387
22	16.621	27.091	2086	1.584	30.667	42.405	1781	1.907	42.405	1.204	30.667	1288	1.794	30.667	42.405	1781	1.907	42.405	1.063	93.786	3939.000	2.646	93.786	38.833	1631	0.922	38.833	0.348
23	17.468	32.936	2569	1.918	27.952	38.286	1608	1.708	38.286	0.890	27.952	1174	1.628	27.952	38.286	1608	1.708	38.286	1.049	102.833	4319	2.905	102.833	35.548	1493.000	0.848	35.548	0.292
24	18.502	27.522	2532	1.574	34.143	44.762	1880	1.951	44.762	1.240	34.143	1434.000	1.952	34.143	44.762	1880	1.951	44.762	0.999	77.143	3240	2.171	77.143	27.833	1169	0.665	27.833	0.307
25	21.251	35.639	3457	2.165	37.881	43.976	1847	2.074	43.976	0.958	37.881	1591	2.301	37.881	43.976	1847	2.074	43.976	0.901	96.286	4044.000	2.771	96.286	34.190	1436	0.816	34.190	0.294
26	21.344	29.552	3103	1.842	36.786	34.929	1467	1.682	34.929	0.913	36.786	1545	2.293	36.786	34.929	1467	1.682	34.929	0.734	87	3654	2.561	87	40.786	1713	0.974	40.786	0.380
27	25	22.784	2848	1.348	33.048	25.333	1064	1.149	25.333	0.852	33.048	1388.000	1.955	33.048	25.333	1064	1.149	25.333	0.588	82.833	3479	2.374	82.833	45.500	1911	1.092	45.500	0.460
28	24.033	29.083	3141	1.747	35.429	48.024	2017	2.232	48.024	1.277	35.429	1488	2.129	35.429	48.024	2017	2.232	48.024	1.049	70.024	2941	2.033	70.024	38.071	1599	0.917	38.071	0.451
29	20.256	26.478	2383	1.628	24.881	27.714	1164	1.326	27.714	0.815	24.881	1045	1.530	24.881	27.714	1164	1.326	27.714	0.867	57.952	2434	1.731	57.952	25.357	1065	0.607	25.357	0.351
30	20.126	28.500	2907	1.713	28.619	29.929	1257	1.388	29.929	0.810	28.619	1202	1.720	28.619	29.929	1257	1.388	29.929	0.807	83.238	3496	2.448	83.238	31.667	1330	0.764	31.667	0.312
31	20.188	26.320	2632	1.577	25.690	28.310	1189	1.309	28.310	0.830	25.690	1079	1.539	25.690	28.310	1189	1.309	28.310	0.851	75.690	3179	2.206	75.690	36.571	1536	0.881	36.571	0.399
32	17.263	25.500	2244	1.574	33.548	38.381	1612	1.843	38.381	1.171	33.548	1409.000	2.071	33.548	38.381	1612	1.843	38.381	0.890	81.643	3429	2.387	81.643	40.381	1696	0.972	40.381	0.407
33	17.090	24	1848	1.545	29	21.738	913	1.083	21.738	0.701	29	1218	1.867	29	21.738	913	1.083	21.738	0.580	75.119	3155	2.263	75.119	33.119	1391	0.791	33.119	0.350
34	20.500	21.120	2112	1.324	23.929	32.929	1383	1.572	32.929	1.187	23.929	1005.000	1.500	23.929	32.929	1383	1.572	32.929	1.047	74.286	3120.000	2.202	74.286	32.714	1374	0.786	32.714	0.357
35	21.263	24.196	2347	1.595	21.476	26.333	1106	1.345	26.333	0.843	21.476	902.000	1.416	21.476	26.333	1106	1.345	26.333	0.950	52.405	2201	1.593	52.405	23.286	978	0.557	23.286	0.349
36	24.105	20.025	2403	1.305	22.762	21.048	884	1.059	21.048	0.812	22.762	956	1.484	22.762	21.048	884	1.059	21.048	0.714	61.190	2570	1.842	61.190	37.143	1560.000	0.895	37.143	0.486
37	16.780	20.250	1701	1.352	18.500	25.810	1084	1.348	25.810	0.997	18.500	777	1.235	18.500	25.810	1084	1.348	25.810	1.091	57.500	2415	1.770	57.500	37	1554	0.883	37	0.499
38	17.002	24.906	2117	1.660	17.095	25.619	1076	1.335	25.619	0.804	17.095	718	1.140	17.095	25.619	1076	1.335	25.619	1.172	59.048	2480	1.834	59.048	39.476	1658	0.942	39.476	0.514
39	17.266	24.390	1878	1.646	22.595	26.429	1110	1.389	26.429	0.844	22.595	949	1.525	22.595	26.429	1110	1.389	26.429	0.911	49.071	2061	1.534	49.071	30.095	1264	0.718	30.095	0.468
40	17.266	32.468	2500	2.239	25.714	22.667	952	1.239	22.667	0.553	25.714	1080	1.773	25.714	22.667	952	1.239	22.667	0.699	63.738	2677	2.035	63.738	34.595	1453	0.820	34.595	0.403
41	15.768	28.857	2020	1.977	14.405	27.048	1136	1.456	27.048	0.736	14.405	605	0.987	14.405	27.048	1136	1.456	27.048	1.475	78.286	3288.000	2.483	78.286	33.524	1408	0.798	33.524	0.321
42	14.427	32.030	2146	2.152	24.881	32.381	1360	1.716	32.381	0.797	24.881	1045	1.672	24.881	32.381	1360	1.716	32.381	1.026	67.643	2841	2.117	67.643	33.048	1388.000	0.792	33.048	0.374
43	15.542	20.875	1336	1.427	16.071	36.024	1513	1.956	36.024	1.370	16.071	675.000	1.099	16.071	36.024	1513	1.956	36.024	1.780	75.071	3153	2.364	75.071	27.857	1170	0.669	27.857	0.283
44	15.110	23.167	1807	1.538	24.929	27.571	1158	1.427	27.571	0.928	24.929	1047	1.655	24.929	27.571	1158	1.427	27.571	0.862	61.857	2598	1.890	61.857	33.881	1423	0.814	33.881	0.431
45	22.838	23.391	2690	1.669	18.929	20.548	863	1.175	20.548	0.704	18.929	795.000	1.351	18.929	20.548	863	1.175	20.548	0.870	51.357	2157	1.693	51.357	30.238	1270	0.724	30.238	0.427
46	18.527	28.705	2727	2.032	20.214	17.738	745	1.009	17.738	0.496	20.214	849	1.431	20.214	17.738	745	1.009	17.738	0.705	85.476	3590	2.820	85.476	37	1554	0.886	37	0.314
47	21.322	25.358	2764	1.785	23.690	24.595	1033	1.375	24.595	0.770	23.690	995	1.668	23.690	24.595	1033	1.375	24.595	0.825	72.405	3041.000	2.367	72.405	41.214	1731	0.985	41.214	0.416
48	20.691	25.202	2495	1.804	27.548	23.667	994	1.334	23.667	0.740	27.548	1157	1.972	27.548	23.667	994	1.334	23.667	0.677	75.595	3175.000	2.513	75.595	42.810	1798	1.013	42.810	0.403
49	19.007	24.624	2093	1.807	23.167	23.333	980	1.382	23.333	0.765	23.167	973	1.700	23.167	23.333	980	1.382	23.333	0.813	69.333	2912	2.379	69.333	34.881	1465	0.824	34.881	0.347
50	14.750	20.427	1532	1.482	16.548	21.762	914	1.265	21.762	0.853	16.548	695	1.201	16.548	21.762	914	1.265	21.762	1.053	73.667	3094	2.486	73.667	37.238	1564	0.883	37.238	0.355
51	14.427	20.603	1504	1.544	16.714	17.167	721	1.058	17.167	0.685	16.714	702	1.252	16.714	17.167	721	1.058	17.167	0.845	70.500	2961	2.533	70.500	26.714	1122	0.704	26.714	0.278
52	13.786	16.929	1185	1.309	18.548	20.024	841.000	1.291	20.024	0.987	18.548	779	1.434	18.548	20.024	841.000	1.291	20.024	0.900	52.548	2207	1.975	52.548	37.048	1556.000	1.001	37.048	0.507
53	18.293	19.889	1790	1.476	19.333	20.190	848	1.237	20.190	0.838	19.333	812	1.435	19.333	20.190	848	1.237	20.190	0.862	70.095	2944.000	2.503	70.095	26.881	1129	0.720	26.881	0.288
54	14.803	15.699	1146	1.200	26.595	17.619	740	1.118	17.619	0.932	26.595	1117	2.032	26.595	17.619	740	1.118	17.619	0.550	66.214	2781.000	2.401	66.214	30.738	1291	0.825	30.738	0.344
55	15.502	21.764	1567	1.666	17.262	20.190	848	1.283	20.190	0.770	17.262	725	1.321	17.262	20.190	848	1.283	20.190	0.971	69.905	2936.000	2.604	69.905	31.762	1334	0.869	31.762	0.334
56	13.271	18.607	1135	1.408	15.667	16.548	695	1.025	16.548	0.728	15.667	658	1.186	15.667	16.548	695	1.025	16.548	0.864	48.833	2051	1.792	48.833	34.381	1444	0.948	34.381	0.529
57	10.762	20.400	1122	1.523	22.452	16.595	697	1.019	16.595	0.669	22.452	943	1.676	22.452	16.595	697	1.019	16.595	0.608	51.048	2144	1.829	51.048	25	1050	0.692	25	0.378
58	12.166	19.380	969	1.409	18.571	16.833	707	0.997	16.833	0.707	18.571	780.000	1.351	18.571	16.833	707	0.997	16.833	0.738	60.381	2536	2.121	60.381	29.976	1259	0.833	29.976	0.393
59	13.502	15.229	1066	1.097	23.738	19.714	828	1.164	19.714	1.061	23.738	997	1.711	23.738	19.714	828	1.164	19.714	0.680	56.571	2376	1.948	56.571	29.833	1253	0.809	29.833	0.415
60	11.543	20.390	1203	1.515	13.333	19.929	837.000	1.207	19.929	0.797	13.333	560	0.990	13.333	19.929	837.000	1.207	19.929	1.219	57.333	2408	2.015	57.333	41.262	1733	1.058	41.262	0.525
61	12	17.100	1026	1.222	18.976	17.571	738.000	1.004	17.571	0.822	18.976	797.000	1.356	18.976	17.571	738.000	1.004	17.571	0.741	64.190	2696	2.193	64.190	30.071	1263	0.761	30.071	0.347
62	12.772	17.774	1102	1.263	15.429	15.476	650	0.880	15.476	0.697	15.429	648	1.097	15.429	15.476	650	0.880	15.476	0.803	63.881	2683	2.138	63.881	35.024	1471	0.881	35.024	0.412
63	12.750	22.938	1491	1.592	20.762	16.762	704	0.921	16.762	0.579	20.762	872	1.441	20.762	16.762	704	0.921	16.762	0.639	75.786	3183.000	2.478	75.786	26.024	1093	0.654	26.024	0.264
64	12.374	22.719	1454	1.588	20.476	23.762	998	1.318	23.762	0.830	20.476	860.000	1.432	20.476	23.762	998	1.318	23.762	0.921	71.119	2987	2.326	71.119	26.976	1133	0.675	26.976	0.290
65	10.250	15.800	869	1.091	16.429	22.667	952	1.230	22.667	1.128	16.429	690.000	1.134	16.429	22.667	952	1.230	22.667	1.085	64.048	2690	2.043	64.048	28.833	1211	0.716	28.833	0.350
66	9.220	20.383	958.000	1.379	15.238	18.024	757.000	0.967	18.024	0.701	15.238	640	1.031	15.238	18.024	757.000	0.967	18.024	0.938	52.310	2197	1.659	52.310	36.690	1541	0.906	36.690	0.546
67	8.035	16.098	660	1.078	23.071	22.214	933	1.183	22.214	1.097	23.071	969.000	1.546	23.071	22.214	933	1.183	22.214	0.765	62.405	2621	1.964	62.405	39.619	1664	0.985	39.619	0.501
68	10.262	24.333	1095	1.706	20.452	20.595	865	1.152	20.595	0.675	20.452	859	1.434	20.452	20.595	865	1.152	20.595	0.803	62.571	2628	2.039	62.571	34.476	1448	0.844	34.476	0.414
69	9.779	23.688	1137	1.640	22.762	25.690	1079	1.403	25.690	0.855	22.762	956	1.576	22.762	25.690	1079	1.403	25.690	0.890	65.905	2768.000	2.131	65.905	42.500	1785	1.044	42.500	0.490
70	10.277	22.521	1081	1.577	28.024	39.500	1659	2.222	39.500	1.409	28.024	1177	1.963	28.024	39.500	1659	2.222	39.500	1.132	66.952	2812	2.213	66.952	40.952	1720.000	1.011	40.952	0.457
71	12.314	25.541	1558	1.814	27.762	31.762	1334	1.813	31.762	0.999	27.762	1166	1.972	27.762	31.762	1334	1.813	31.762	0.919	66.429	2790	2.204	66.429	37.143	1560.000	0.912	37.143	0.414
72	13.153	23.415	1522	1.688	22.976	28	1176	1.621	28	0.960	22.976	965.000	1.657	22.976	28	1176	1.621	28	0.979	77.571	3258	2.663	77.571	49.429	2076	1.256	49.429	0.471
73	19.080	23	1978	1.660	28.048	29.405	1235	1.713	29.405	1.032	28.048	1178	2.024	28.048	29.405	1235	1.713	29.405	0.847	69.214	2907.000	2.363	69.214	57.143	2400	1.414	57.143	0.598
74	19.514	19.856	1787	1.427	30.143	32.310	1357	1.868	32.310	1.308	30.143	1266	2.167	30.143	32.310	1357	1.868	32.310	0.862	60.548	2543	2.040	60.548	43	1806	1.067	43	0.523
75	18.016	22.568	1828	1.668	20.357	21.357	897	1.288	21.357	0.772	20.357	855	1.505	20.357	21.357	897	1.288	21.357	0.856	59	2478	2.074	59	50.548	2123	1.269	50.548	0.612
76	19.007	20.432	1941	1.516	26.476	28.571	1200	1.752	28.571	1.156	26.476	1112	1.964	26.476	28.571	1200	1.752	28.571	0.892	79.810	3352	2.836	79.810	36.381	1528	0.944	36.381	0.333
77	20.305	17.437	1796.000	1.313	19.262	23.571	990.000	1.468	23.571	1.118	19.262	809	1.451	19.262	23.571	990.000	1.468	23.571	1.012	72.619	3050	2.571	72.619	41.190	1730	1.037	41.190	0.403
78	21.120	18.299	1958	1.365	14.190	27.119	1139	1.676	27.119	1.227	14.190	596	1.059	14.190	27.119	1139	1.676	27.119	1.583	71.429	3000	2.549	71.429	46.857	1968.000	1.160	46.857	0.455
79	22.023	15.773	1735	1.220	20.357	18.762	788	1.211	18.762	0.993	20.357	855	1.574	20.357	18.762	788	1.211	18.762	0.769	74.690	3137	2.727	74.690	49.429	2076	1.207	49.429	0.443
80	21.256	12.959	1257	0.963	19.452	19.214	807	1.173	19.214	1.218	19.452	817	1.445	19.452	19.214	807	1.173	19.214	0.812	69.429	2916	2.441	69.429	45.714	1920	1.121	45.714	0.459
81	19.514	17.761	1563	1.339	16.357	19.929	837.000	1.241	19.929	0.927	16.357	687	1.233	16.357	19.929	837.000	1.241	19.929	1.007	72.286	3036.000	2.591	72.286	41.619	1748	1.021	41.619	0.394
82	18.752	24.140	2245	1.792	28.286	19.524	820.000	1.190	19.524	0.664	28.286	1188	2.100	28.286	19.524	820.000	1.190	19.524	0.567	61.690	2591	2.178	61.690	42.548	1787.000	1.058	42.548	0.486
83	17.794	18.400	1656.000	1.303	17.262	22.286	936	1.280	22.286	0.982	17.262	725	1.223	17.262	22.286	936	1.280	22.286	1.046	72.024	3025	2.431	72.024	36.619	1538	0.910	36.619	0.374
84	16.752	14.760	1107	1.071	21.214	23.524	988.000	1.399	23.524	1.305	21.214	891	1.540	21.214	23.524	988.000	1.399	23.524	0.908	66.143	2778	2.269	66.143	36.762	1544	0.915	36.762	0.403
85	16.817	24.869	2089	1.778	22.381	18	756	1.045	18	0.587	22.381	940	1.600	22.381	18	756	1.045	18	0.653	54.500	2289	1.863	54.500	40.429	1698	1.011	40.429	0.543
86	13.022	18.967	1138	1.345	19.905	26.929	1131	1.538	26.929	1.143	19.905	836	1.412	19.905	26.929	1131	1.538	26.929	1.089	78.881	3313	2.681	78.881	44.643	1875.000	1.139	44.643	0.425
87	11.845	23.885	1457	1.642	23.643	23.548	989	1.295	23.548	0.788	23.643	993	1.626	23.643	23.548	989	1.295	23.548	0.796	60.357	2535	1.971	60.357	34.048	1430.000	0.858	34.048	0.436
88	12.752	19.397	1125	1.323	18.190	26.024	1093	1.408	26.024	1.064	18.190	764	1.241	18.190	26.024	1093	1.408	26.024	1.135	65.786	2763.000	2.142	65.786	30.952	1300	0.771	30.952	0.360
89	13.038	22.692	1180	1.556	17.571	21.429	900.000	1.172	21.429	0.753	17.571	738.000	1.205	17.571	21.429	900.000	1.172	21.429	0.973	60.476	2540	1.974	60.476	32.571	1368	0.812	32.571	0.412
90	13.022	17.724	1028	1.236	22.286	17.714	744	0.997	17.714	0.806	22.286	936	1.554	22.286	17.714	744	0.997	17.714	0.641	48.381	2032	1.622	48.381	45	1890	1.119	45	0.690
91	13.259	15.623	953	1.075	23.571	21.762	914	1.190	21.762	1.108	23.571	990.000	1.621	23.571	21.762	914	1.190	21.762	0.734	62.976	2645	2.052	62.976	38.119	1601	0.954	38.119	0.465
92	14.252	18.771	1314	1.255	19.952	26.357	1107	1.402	26.357	1.117	19.952	838	1.334	19.952	26.357	1107	1.402	26.357	1.051	71.024	2983	2.270	71.024	31.571	1326	0.791	31.571	0.348
93	17.813	19.050	1524	1.294	21.286	25.286	1062	1.370	25.286	1.059	21.286	894	1.446	21.286	25.286	1062	1.370	25.286	0.947	86.571	3636	2.799	86.571	29.167	1225	0.730	29.167	0.261
94	16.008	19.904	1453	1.306	21.095	16.048	674	0.832	16.048	0.637	21.095	886	1.385	21.095	16.048	674	0.832	16.048	0.601	77.262	3245	2.450	77.262	47.214	1983	1.182	47.214	0.482
95	15.033	21.102	1245	1.372	24.905	22.548	947	1.154	22.548	0.841	24.905	1046	1.620	24.905	22.548	947	1.154	22.548	0.713	83.571	3510	2.608	83.571	41.500	1743	1.042	41.500	0.399
96	16.250	20.538	1643	1.320	21.476	27.405	1151	1.390	27.405	1.053	21.476	902.000	1.380	21.476	27.405	1151	1.390	27.405	1.007	78.476	3296	2.427	78.476	30.048	1262	0.754	30.048	0.311
97	14.758	18.956	1289	1.224	27.262	30.476	1280	1.554	30.476	1.269	27.262	1145	1.760	27.262	30.476	1280	1.554	30.476	0.882	79	3318	2.462	79	44.214	1857	1.110	44.214	0.451
98	17.017	21.829	1659	1.444	32.167	28.214	1185	1.486	28.214	1.030	32.167	1351	2.128	32.167	28.214	1185	1.486	28.214	0.699	89.667	3766	2.831	89.667	32.714	1374	0.820	32.714	0.290
99	18.312	25.512	2194	1.662	32.381	28.095	1180	1.449	28.095	0.872	32.381	1360	2.109	32.381	28.095	1180	1.449	28.095	0.687	82.357	3459	2.609	82.357	33.405	1403	0.852	33.405	0.327
100	15.532	23.494	1809	1.465	31.190	30.405	1277	1.483	30.405	1.013	31.190	1310	1.945	31.190	30.405	1277	1.483	30.405	0.763	67.238	2824	2.034	67.238	29.857	1254	0.753	29.857	0.370
101	14.180	25.314	1772	1.566	23.262	23.214	975	1.116	23.214	0.713	23.262	977	1.439	23.262	23.214	975	1.116	23.214	0.776	73.333	3080	2.191	73.333	26.857	1128	0.683	26.857	0.312
102	12.093	19.571	1096	1.189	21.405	24.190	1016	1.148	24.190	0.965	21.405	899	1.301	21.405	24.190	1016	1.148	24.190	0.882	70.667	2968	2.101	70.667	31.929	1341	0.810	31.929	0.386
103	11.102	18.673	971	1.148	32	34.905	1466	1.689	34.905	1.471	32	1344	1.968	32	34.905	1466	1.689	34.905	0.858	74.333	3122	2.218	74.333	32.548	1367.000	0.824	32.548	0.372
104	10.028	30.863	1574	1.971	20.976	36.714	1542	1.835	36.714	0.931	20.976	881.000	1.339	20.976	36.714	1542	1.835	36.714	1.370	75.143	3156	2.302	75.143	43.619	1832	1.098	43.619	0.477
105	9.280	22.195	910	1.408	18.762	40.286	1692	2.000	40.286	1.420	18.762	788	1.190	18.762	40.286	1692	2.000	40.286	1.680	72.738	3055	2.235	72.738	41.190	1730	1.037	41.190	0.464
106	10.607	36.776	1802	2.247	33.095	41.714	1752	2.000	41.714	0.890	33.095	1390	2.022	33.095	41.714	1752	2.000	41.714	0.989	69.619	2924	2.087	69.619	36.524	1534	0.921	36.524	0.441
107	11.543	27.304	1529	1.697	23.857	33.190	1394	1.621	33.190	0.955	23.857	1002	1.483	23.857	33.190	1394	1.621	33.190	1.093	55.929	2349	1.712	55.929	37.762	1586	0.953	37.762	0.557
108	9.264	20.767	893	1.279	29.024	26.929	1131	1.287	26.929	1.006	29.024	1219	1.788	29.024	26.929	1131	1.287	26.929	0.720	48.786	2049	1.467	48.786	33.286	1398	0.842	33.286	0.574
109	12.253	34.800	2088	2.134	31.310	32.310	1357	1.540	32.310	0.722	31.310	1315	1.920	31.310	32.310	1357	1.540	32.310	0.802	53.524	2248	1.608	53.524	32.786	1377	0.831	32.786	0.516
110	14.853	27.370	1998	1.722	21.810	20.738	871	1.009	20.738	0.586	21.810	916	1.372	21.810	20.738	871	1.009	20.738	0.735	38.762	1628	1.180	38.762	37.833	1589	0.951	37.833	0.806
111	12.003	21.650	1299	1.348	24.667	34.333	1442	1.656	34.333	1.228	24.667	1036	1.536	24.667	34.333	1442	1.656	34.333	1.078	49.071	2061	1.498	49.071	45.952	1930.000	1.189	45.952	0.794
112	16.752	32.256	2645	1.935	30.167	38.881	1633	1.794	38.881	0.927	30.167	1267	1.810	30.167	38.881	1633	1.794	38.881	0.991	80.262	3371	2.362	80.262	42.167	1771	1.069	42.167	0.453
113	19.265	30.636	3033	1.873	33.333	33.071	1389	1.572	33.071	0.839	33.333	1400	2.038	33.333	33.071	1389	1.572	33.071	0.771	60.952	2560	1.813	60.952	37.190	1562	0.935	37.190	0.516
114	18.527	30.558	2903	1.845	33.381	37.643	1581.000	1.744	37.643	0.945	33.381	1402	2.016	33.381	37.643	1581.000	1.744	37.643	0.865	74.429	3126	2.215	74.429	33.071	1389	0.831	33.071	0.375
115	17.862	25.968	2441	1.493	37.714	37.857	1590.000	1.677	37.857	1.124	37.714	1584	2.168	37.714	37.857	1590.000	1.677	37.857	0.774	75.976	3191	2.188	75.976	38.976	1637	0.984	38.976	0.450
116	15.102	29.406	2029.000	1.721	27.952	30.786	1293	1.381	30.786	0.802	27.952	1174	1.636	27.952	30.786	1293	1.381	30.786	0.844	49.024	2059	1.430	49.024	36.357	1527.000	0.918	36.357	0.642
117	15.662	23.805	1952	1.338	32.262	29.595	1243	1.266	29.595	0.946	32.262	1355	1.814	32.262	29.595	1243	1.266	29.595	0.698	59.929	2517	1.746	59.929	25.595	1075	0.646	25.595	0.370
118	12.562	22.649	1291	1.374	28.262	26.619	1118	1.239	26.619	0.902	28.262	1187	1.714	28.262	26.619	1118	1.239	26.619	0.723	45.071	1893	1.352	45.071	23.071	969.000	0.580	23.071	0.429
119	17.962	20.155	1693	1.138	23.024	26.952	1132	1.157	26.952	1.017	23.024	967.000	1.300	23.024	26.952	1132	1.157	26.952	0.890	49.929	2097	1.442	49.929	26.500	1113	0.672	26.500	0.466
120	13.730	20.607	1257	1.180	28.929	30.976	1301	1.347	30.976	1.142	28.929	1215	1.656	28.929	30.976	1301	1.347	30.976	0.814	52.643	2211	1.529	52.643	32.095	1348	0.809	32.095	0.529
121	10.512	16.620	831	0.970	23.405	42.833	1799	1.886	42.833	1.945	23.405	983	1.366	23.405	42.833	1799	1.886	42.833	1.381	71.952	3022	2.132	71.952	32.333	1358	0.811	32.333	0.381
122	11.026	39.980	1999.000	2.334	34.786	41.381	1738	1.843	41.381	0.790	34.786	1461	2.030	34.786	41.381	1738	1.843	41.381	0.908	50.952	2140	1.510	50.952	34.119	1433	0.863	34.119	0.572
123	12.253	23.071	1292	1.390	33.643	37.929	1593	1.757	37.929	1.263	33.643	1413.000	2.027	33.643	37.929	1593	1.757	37.929	0.866	51.476	2162	1.562	51.476	31.857	1338	0.806	31.857	0.516
124	11.761	24.815	1340	1.437	22.310	45.310	1903	2.022	45.310	1.407	22.310	937	1.292	22.310	45.310	1903	2.022	45.310	1.565	51.190	2150	1.550	51.190	40.714	1710	1.030	40.714	0.665
125	14.803	27.585	1793	1.550	30.929	41.929	1761	1.798	41.929	1.160	30.929	1299	1.738	30.929	41.929	1761	1.798	41.929	1.034	67.643	2841	2.008	67.643	43.857	1842.000	1.105	43.857	0.550
126	16.869	25.578	2123	1.384	33.810	46.500	1953	1.898	46.500	1.371	33.810	1420	1.830	33.810	46.500	1953	1.898	46.500	1.037	68.190	2864	1.995	68.190	51.357	2157	1.290	51.357	0.647
127	17.766	33.342	2634.000	1.913	41.524	45.619	1916	1.979	45.619	1.035	41.524	1744	2.382	41.524	45.619	1916	1.979	45.619	0.831	70.833	2975	2.109	70.833	39.667	1666	0.997	39.667	0.473
128	17.257	36.671	3117	2.034	40.690	58.143	2442	2.452	58.143	1.205	40.690	1709	2.257	40.690	58.143	2442	2.452	58.143	1.086	74.690	3137	2.191	74.690	36.714	1542	0.927	36.714	0.423
129	19.164	33.649	3264	1.891	34.381	48.643	2043.000	2.071	48.643	1.095	34.381	1444	1.932	34.381	48.643	2043.000	2.071	48.643	1.072	66.595	2797.000	1.957	66.595	43.548	1829.000	1.098	43.548	0.561
130	20.156	35.800	3580.000	2.057	42.357	41.286	1734	1.800	41.286	0.875	42.357	1779.000	2.434	42.357	41.286	1734	1.800	41.286	0.739	68.452	2875	2.038	68.452	38.214	1605	0.958	38.214	0.470
131	22.361	38.474	4386	2.216	30.690	38.286	1608	1.662	38.286	0.750	30.690	1289	1.767	30.690	38.286	1608	1.662	38.286	0.940	88.690	3725	2.635	88.690	39.738	1669	0.993	39.738	0.377
132	20.538	41.650	4165	2.381	52.714	42.714	1794	1.849	42.714	0.777	52.714	2214	3.014	52.714	42.714	1794	1.849	42.714	0.614	80.405	3377.000	2.365	80.405	48.714	2046	1.212	48.714	0.513
133	21.250	41.724	4381	2.313	46.905	47.667	2002	2.011	47.667	0.869	46.905	1970	2.601	46.905	47.667	2002	2.011	47.667	0.773	69.667	2926	2.018	69.667	42.500	1785	1.062	42.500	0.526
134	16.281	33.819	2807.000	1.852	48.167	47.667	2002	1.996	47.667	1.078	48.167	2023	2.638	48.167	47.667	2002	1.996	47.667	0.757	62.524	2626	1.808	62.524	37.500	1575	0.943	37.500	0.522
135	16.095	28.525	2282	1.585	34.310	47.405	1991	1.997	47.405	1.260	34.310	1441	1.906	34.310	47.405	1991	1.997	47.405	1.048	68.286	2868.000	2.025	68.286	27.500	1155	0.688	27.500	0.340
136	15.250	35.853	2689	1.991	43.214	33.190	1394	1.394	33.190	0.700	43.214	1815	2.400	43.214	33.190	1394	1.394	33.190	0.581	58.905	2474	1.723	58.905	37.262	1565	0.935	37.262	0.543
137	13.750	25.800	1806	1.480	38.905	37.548	1577.000	1.643	37.548	1.110	38.905	1634	2.231	38.905	37.548	1577.000	1.643	37.548	0.736	65.262	2741	1.911	65.262	23.929	1005.000	0.595	23.929	0.311
138	13.558	33.852	2065	1.985	36.667	31.167	1309	1.381	31.167	0.696	36.667	1540	2.150	36.667	31.167	1309	1.381	31.167	0.642	52.214	2193	1.553	52.214	36.667	1540	0.911	36.667	0.586
139	10.753	25.418	1398	1.501	37.024	32.786	1377	1.473	32.786	0.981	37.024	1555	2.187	37.024	32.786	1377	1.473	32.786	0.674	71.310	2995	2.128	71.310	33.405	1403	0.829	33.405	0.389
140	14.002	35.786	2505	2.132	42.786	28.619	1202	1.292	28.619	0.606	42.786	1797	2.549	42.786	28.619	1202	1.292	28.619	0.507	73.905	3104.000	2.209	73.905	37.929	1593	0.937	37.929	0.424
141	14.752	32.139	2314	1.946	38.857	34.190	1436	1.569	34.190	0.806	38.857	1632.000	2.353	38.857	34.190	1436	1.569	34.190	0.667	79.214	3327.000	2.421	79.214	33.905	1424	0.832	33.905	0.344
142	16.095	25.862	2069	1.571	28.214	33.262	1397	1.537	33.262	0.978	28.214	1185	1.714	28.214	33.262	1397	1.537	33.262	0.897	73.881	3103	2.254	73.881	34.357	1443.000	0.846	34.357	0.375
143	14.270	27.460	1730	1.656	35.357	43.524	1828	1.997	43.524	1.206	35.357	1485.000	2.132	35.357	43.524	1828	1.997	43.524	0.937	92.452	3883	2.823	92.452	37.500	1575	0.923	37.500	0.327
144	18.277	23.922	2153	1.483	33.262	30.976	1301	1.470	30.976	0.992	33.262	1397	2.062	33.262	30.976	1301	1.470	30.976	0.713	72.667	3052	2.224	72.667	35.714	1500	0.877	35.714	0.394
145	15.301	23.893	1792	1.491	28.810	34.595	1453	1.651	34.595	1.107	28.810	1210	1.798	28.810	34.595	1453	1.651	34.595	0.918	59.095	2482	1.833	59.095	40.119	1685	0.980	40.119	0.535
146	12.093	23.774	1474	1.467	26.976	31.214	1311	1.461	31.214	0.996	26.976	1133	1.664	26.976	31.214	1311	1.461	31.214	0.878	60.905	2558	1.853	60.905	52.976	2225	1.300	52.976	0.702
147	14.259	22.413	1412	1.385	19.881	38.048	1598.000	1.796	38.048	1.297	19.881	835	1.228	19.881	38.048	1598.000	1.796	38.048	1.462	56.619	2378	1.751	56.619	53.190	2234	1.301	53.190	0.743
148	11.503	20.151	1068	1.276	20.143	43.952	1846.000	2.151	43.952	1.685	20.143	846	1.276	20.143	43.952	1846.000	2.151	43.952	1.686	82.381	3460	2.596	82.381	37.810	1588	0.925	37.810	0.356
149	12.752	24.746	1460	1.508	28.452	39.952	1678.000	1.851	39.952	1.227	28.452	1195	1.734	28.452	39.952	1678.000	1.851	39.952	1.067	82.524	3466	2.518	82.524	48.262	2027	1.193	48.262	0.474
150	14.252	25.871	1811	1.576	26.381	44.452	1867.000	2.058	44.452	1.306	26.381	1108	1.607	26.381	44.452	1867.000	2.058	44.452	1.281	69.690	2927	2.150	69.690	41.833	1757	1.023	41.833	0.476
151	16.095	35.500	2911	2.220	33.333	38.667	1624	1.854	38.667	0.835	33.333	1400	2.085	33.333	38.667	1624	1.854	38.667	0.889	111.452	4681	3.493	111.452	39.929	1677	0.971	39.929	0.278
152	18.507	27.189	2447	1.669	32.024	50.357	2115	2.341	50.357	1.402	32.024	1345	1.966	32.024	50.357	2115	2.341	50.357	1.191	72.333	3038	2.248	72.333	42.238	1774	1.026	42.238	0.456
153	17.529	24.437	2126	1.546	23.976	37.381	1570	1.814	37.381	1.173	23.976	1007.000	1.517	23.976	37.381	1570	1.814	37.381	1.196	79.857	3354	2.500	79.857	38.119	1601	0.925	38.119	0.370
154	18.765	27.424	2523	1.748	29.929	34.810	1462	1.700	34.810	0.972	29.929	1257	1.907	29.929	34.810	1462	1.700	34.810	0.891	68.595	2881.000	2.153	68.595	46.119	1937	1.120	46.119	0.520
155	18.257	22.892	2129	1.455	24.429	34.167	1435	1.662	34.167	1.142	24.429	1026	1.553	24.429	34.167	1435	1.662	34.167	1.070	53.810	2260	1.685	53.810	36.452	1531.000	0.888	36.452	0.527
156	16.780	26.254	1759	1.656	22.976	32.429	1362	1.553	32.429	0.938	22.976	965.000	1.449	22.976	32.429	1362	1.553	32.429	1.071	56.810	2386	1.767	56.810	40	1680	0.972	40	0.550
157	18.777	23.022	2118	1.510	27.357	37.714	1584	1.901	37.714	1.258	27.357	1149	1.795	27.357	37.714	1584	1.901	37.714	1.059	81.952	3442	2.643	81.952	42.333	1778	1.027	42.333	0.389
158	16.508	26.203	1939	1.711	32.524	47.714	2004	2.386	47.714	1.395	32.524	1366	2.123	32.524	47.714	2004	2.386	47.714	1.124	75.476	3170	2.444	75.476	41.667	1750	1.011	41.667	0.414
159	16.750	20.165	1714	1.300	22.905	31.167	1309	1.533	31.167	1.179	22.905	962	1.476	22.905	31.167	1309	1.533	31.167	1.038	60.714	2550	1.972	60.714	36.214	1521	0.882	36.214	0.447
160	15.502	23.652	1632	1.487	32.690	39.095	1642	1.862	39.095	1.253	32.690	1373	2.055	32.690	39.095	1642	1.862	39.095	0.906	67.786	2847.000	2.121	67.786	37.381	1570	0.906	37.381	0.427
161	13.786	25.881	1734	1.665	27	36.119	1517	1.769	36.119	1.062	27	1134	1.737	27	36.119	1517	1.769	36.119	1.018	70.286	2952.000	2.229	70.286	28	1176	0.680	28	0.305
162	14.826	18.932	1382.000	1.195	21.881	38.357	1611.000	1.833	38.357	1.534	21.881	919	1.381	21.881	38.357	1611.000	1.833	38.357	1.327	71.524	3004	2.258	71.524	34.119	1433	0.830	34.119	0.368
163	12.811	24.569	1597	1.547	25.500	39.286	1650	1.880	39.286	1.215	25.500	1071	1.606	25.500	39.286	1650	1.880	39.286	1.171	66.167	2779	2.078	66.167	28.881	1213	0.700	28.881	0.337
164	12.622	33.632	1917.000	2.154	29.357	30.381	1276	1.476	30.381	0.685	29.357	1233	1.880	29.357	30.381	1276	1.476	30.381	0.785	76.929	3231	2.476	76.929	31.810	1336	0.768	31.810	0.310
165	15.102	23.232	1603	1.494	25.048	45.024	1891	2.196	45.024	1.470	25.048	1052	1.611	25.048	45.024	1891	2.196	45.024	1.363	63.190	2654	2.028	63.190	33.333	1400	0.808	33.333	0.398
166	10.796	23.906	1267	1.548	28.238	32.690	1373	1.619	32.690	1.045	28.238	1186	1.829	28.238	32.690	1373	1.619	32.690	0.885	74.905	3146.000	2.418	74.905	38.119	1601	0.921	38.119	0.381
167	9.763	25.500	1224	1.693	22.667	26.548	1115	1.348	26.548	0.796	22.667	952	1.505	22.667	26.548	1115	1.348	26.548	0.896	57.500	2415	1.873	57.500	34.881	1465	0.845	34.881	0.451
168	13.086	24.523	1594	1.518	29.976	31.881	1339	1.492	31.881	0.983	29.976	1259	1.855	29.976	31.881	1339	1.492	31.881	0.804	62.095	2608	1.935	62.095	42.905	1802	1.039	42.905	0.537
169	16.750	22.682	1928	1.481	24.952	24.167	1015	1.204	24.167	0.813	24.952	1048	1.629	24.952	24.167	1015	1.204	24.167	0.739	63.238	2656	2.053	63.238	34.881	1465	0.841	34.881	0.410
170	17.252	23.824	2025	1.497	30.524	31.905	1340	1.524	31.905	1.018	30.524	1282	1.918	30.524	31.905	1340	1.524	31.905	0.794	64.119	2693	2.020	64.119	35.833	1505	0.866	35.833	0.429
171	16.508	27.865	2062	1.866	22.881	24.786	1041	1.268	24.786	0.679	22.881	961	1.532	22.881	24.786	1041	1.268	24.786	0.827	85.071	3573	2.769	85.071	45.571	1914	1.092	45.571	0.394
172	12.260	22.981	1241	1.492	29.310	26.357	1107	1.304	26.357	0.873	29.310	1231	1.903	29.310	26.357	1107	1.304	26.357	0.685	51.714	2172	1.638	51.714	41.262	1733	0.988	41.262	0.603
173	8.254	18.550	742	1.213	11.095	22.071	927.000	1.109	22.071	0.914	11.095	466	0.726	11.095	22.071	927.000	1.109	22.071	1.528	42.976	1805	1.383	42.976	29.381	1234	0.702	29.381	0.508
174	7.267	16.714	585	1.139	18.452	29.905	1256	1.579	29.905	1.386	18.452	775	1.258	18.452	29.905	1256	1.579	29.905	1.256	48.071	2019	1.554	48.071	34.714	1458	0.827	34.714	0.532
175	11.275	20.737	1182	1.402	11.667	20.571	864.000	1.069	20.571	0.762	11.667	490	0.789	11.667	20.571	864.000	1.069	20.571	1.355	49.595	2083	1.609	49.595	35.357	1485.000	0.844	35.357	0.524
176	11.543	26	1430	1.676	22.429	35.214	1479	1.741	35.214	1.039	22.429	942.000	1.446	22.429	35.214	1479	1.741	35.214	1.204	54.810	2302	1.715	54.810	41.310	1735	0.992	41.310	0.579
177	15.258	34.537	2314	2.258	21.238	27.643	1161	1.407	27.643	0.623	21.238	892	1.388	21.238	27.643	1161	1.407	27.643	1.014	44.357	1863.000	1.402	44.357	31.881	1339	0.782	31.881	0.558
178	17.468	24.750	1980	1.697	21.167	33.619	1412	1.799	33.619	1.060	21.167	889	1.451	21.167	33.619	1412	1.799	33.619	1.239	64.429	2706	2.104	64.429	37.333	1568	0.887	37.333	0.422
179	14.860	25.329	2001.000	1.780	28.357	34.405	1445	1.882	34.405	1.057	28.357	1191	1.992	28.357	34.405	1445	1.882	34.405	0.944	74.524	3130	2.525	74.524	33.714	1416	0.789	33.714	0.313
180	13.440	23.471	1596	1.823	22.738	31.643	1329	2.014	31.643	1.105	22.738	955	1.766	22.738	31.643	1329	2.014	31.643	1.140	61.119	2567	2.404	61.119	37.643	1581.000	1.041	37.643	0.433
181	14.562	16.339	964	1.139	29.881	42.286	1776	2.294	42.286	2.013	29.881	1255	2.083	29.881	42.286	1776	2.294	42.286	1.101	74.381	3124	2.543	74.381	45.548	1913.000	1.102	45.548	0.433
182	14.056	21.032	1325	1.491	25.476	38.429	1614	2.152	38.429	1.443	25.476	1070	1.806	25.476	38.429	1614	2.152	38.429	1.191	57.738	2425	1.970	57.738	38.857	1632.000	0.924	38.857	0.469
183	13.271	22.047	1411	1.598	24.881	32.452	1363.000	1.852	32.452	1.159	24.881	1045	1.804	24.881	32.452	1363.000	1.852	32.452	1.027	73.190	3074	2.553	73.190	55.929	2349	1.322	55.929	0.518
184	11.816	23.246	1325	1.722	28.714	32.833	1379	1.916	32.833	1.113	28.714	1206	2.127	28.714	32.833	1379	1.916	32.833	0.901	62.905	2642	2.287	62.905	54.238	2278	1.276	54.238	0.558
185	10.753	21.127	1162	1.581	24.214	26.429	1110	1.559	26.429	0.986	24.214	1017	1.812	24.214	26.429	1110	1.559	26.429	0.860	53.524	2248	1.947	53.524	34.405	1445	0.802	34.405	0.412
186	10.443	18.073	994.000	1.353	16.262	21.976	923.000	1.300	21.976	0.961	16.262	683	1.217	16.262	21.976	923.000	1.300	21.976	1.068	63.643	2673	2.328	63.643	44.905	1886	1.064	44.905	0.457
187	13.832	23.433	1570	1.746	16.952	28.548	1199	1.678	28.548	0.961	16.952	712	1.263	16.952	28.548	1199	1.678	28.548	1.328	54.167	2275	1.963	54.167	40.429	1698	0.937	40.429	0.477
188	19.308	32.263	3065	2.361	35.738	33.881	1423	1.958	33.881	0.829	35.738	1501	2.615	35.738	33.881	1423	1.958	33.881	0.749	59.238	2488	2.140	59.238	48.143	2022.000	1.126	48.143	0.526
189	21.001	18.312	1758	1.354	17.381	31.405	1319	1.806	31.405	1.333	17.381	730	1.285	17.381	31.405	1319	1.806	31.405	1.405	60.262	2531	2.191	60.262	36.024	1513	0.842	36.024	0.384
190	20.002	24.356	2192	1.776	20.143	33.929	1425	1.920	33.929	1.081	20.143	846	1.469	20.143	33.929	1425	1.920	33.929	1.307	68.690	2885	2.479	68.690	50.119	2105	1.190	50.119	0.480
191	14.605	27.863	2034	2.026	28.167	32.119	1349	1.816	32.119	0.896	28.167	1183	2.048	28.167	32.119	1349	1.816	32.119	0.887	71.857	3018	2.616	71.857	40.333	1694	0.971	40.333	0.371
192	14.285	18.819	1355	1.412	24.429	34.857	1464.000	2.064	34.857	1.462	24.429	1026	1.833	24.429	34.857	1464.000	2.064	34.857	1.126	70.095	2944.000	2.654	70.095	45.310	1903	1.101	45.310	0.415
193	17.257	25.409	2236	1.983	24.286	27	1134	1.693	27	0.854	24.286	1020	1.895	24.286	27	1134	1.693	27	0.894	50.714	2130	2.033	50.714	38	1596	0.938	38	0.461
194	16.502	13.776	1171	1.091	17.048	28.143	1182	1.830	28.143	1.677	17.048	716	1.351	17.048	28.143	1182	1.830	28.143	1.355	52.929	2223	2.190	52.929	47.333	1988	1.222	47.333	0.558
195	18.507	13.024	1107	1.049	16.476	28.500	1197	1.872	28.500	1.784	16.476	692.000	1.327	16.476	28.500	1197	1.872	28.500	1.410	55.905	2348	2.346	55.905	41.357	1737.000	1.066	41.357	0.454
196	19.015	18.105	1557	1.475	14.762	22.810	958	1.532	22.810	1.039	14.762	620	1.202	14.762	22.810	958	1.532	22.810	1.275	53.190	2234	2.244	53.190	35.571	1494	0.922	35.571	0.411
197	19.381	16.835	1633	1.349	20.310	31.262	1313	2.036	31.262	1.509	20.310	853	1.627	20.310	31.262	1313	2.036	31.262	1.251	45.571	1914	1.871	45.571	38.310	1609	0.968	38.310	0.517
198	19.412	14.408	1412	1.178	11.619	27.810	1168	1.860	27.810	1.579	11.619	488	0.950	11.619	27.810	1168	1.860	27.810	1.958	56.786	2385	2.367	56.786	45.357	1905.000	1.149	45.357	0.485
199	20.275	17.537	1438	1.372	22	37.095	1558	2.318	37.095	1.689	22	924	1.721	22	37.095	1558	2.318	37.095	1.347	52.643	2211	2.071	52.643	49.786	2091	1.150	49.786	0.555
200	20.752	13.065	1202	1.079	17.143	24.119	1013	1.623	24.119	1.504	17.143	720	1.416	17.143	24.119	1013	1.623	24.119	1.146	54.381	2284	2.374	54.381	39.071	1641	0.969	39.071	0.408
201	15.252	13.522	933	1.074	15.619	19.667	826	1.243	19.667	1.157	15.619	656	1.241	15.619	19.667	826	1.243	19.667	1.002	40.143	1686.000	1.641	40.143	49.786	2091	1.187	49.786	0.723
202	15.750	11.787	884	0.973	14.476	17.310	727	1.159	17.310	1.191	14.476	608	1.195	14.476	17.310	727	1.159	17.310	0.970	39.500	1659	1.719	39.500	44.024	1849	1.081	44.024	0.629
203	13.259	13.123	853	1.063	13.500	22.667	952	1.487	22.667	1.399	13.500	567	1.094	13.500	22.667	952	1.487	22.667	1.360	37.048	1556.000	1.579	37.048	50.048	2102	1.214	50.048	0.769
204	14.305	17.814	1247	1.427	23.881	21.881	919	1.430	21.881	1.002	23.881	1003	1.913	23.881	21.881	919	1.430	21.881	0.747	48.833	2051	2.003	48.833	43.643	1833.000	0.999	43.643	0.499
205	13.502	19.623	1197	1.558	24.214	33.643	1413.000	2.143	33.643	1.375	24.214	1017	1.923	24.214	33.643	1413.000	2.143	33.643	1.115	43.571	1830	1.768	43.571	35.857	1506.000	0.822	35.857	0.465
206	13.010	11.724	680	0.938	15.619	13.952	586	0.898	13.952	0.957	15.619	656	1.250	15.619	13.952	586	0.898	13.952	0.719	43.310	1819	1.759	43.310	58.119	2441	1.348	58.119	0.766
207	9.779	20.333	915	1.639	20.381	26.310	1105	1.712	26.310	1.044	20.381	856	1.643	20.381	26.310	1105	1.712	26.310	1.042	37.167	1561	1.535	37.167	52.405	2201	1.216	52.405	0.792
208	15.250	17	1139	1.377	14.738	30.524	1282	2.002	30.524	1.454	14.738	619	1.194	14.738	30.524	1282	2.002	30.524	1.677	44.643	1875.000	1.864	44.643	50.357	2115	1.180	50.357	0.633
209	15.947	16.347	1177	1.327	26.905	25.619	1076	1.674	25.619	1.261	26.905	1130	2.184	26.905	25.619	1076	1.674	25.619	0.766	51.833	2177	2.123	51.833	40.929	1719	0.953	40.929	0.449
210	15.268	26.448	1772	2.125	22.595	32.762	1376	2.126	32.762	1.001	22.595	949	1.815	22.595	32.762	1376	2.126	32.762	1.171	57.762	2426	2.395	57.762	40.333	1694	0.942	40.333	0.394
211	14.036	20.971	1468	1.723	32	26.381	1108	1.779	26.381	1.033	32	1344	2.629	32	26.381	1108	1.779	26.381	0.677	53.071	2229	2.232	53.071	47.381	1990	1.099	47.381	0.493
212	13.259	19.557	1193	1.629	14.167	32.381	1360	2.222	32.381	1.363	14.167	595	1.180	14.167	32.381	1360	2.222	32.381	1.882	56.381	2368	2.441	56.381	51.024	2143	1.174	51.024	0.481
213	13.537	18.629	1304	1.597	15.357	22.405	941	1.583	22.405	0.991	15.357	645	1.317	15.357	22.405	941	1.583	22.405	1.202	56.167	2359	2.584	56.167	53.690	2255	1.233	53.690	0.477
214	12.010	32.233	1934	1.539	49.238	22.452	943	1.630	22.452	1.059	22.905	962	1.999	22.905	22.452	943	1.630	22.452	0.815	49.238	2068	2.350	49.238	58.738	2467	1.347	58.738	0.573
215	14.509	56.651	3569	2.771	41.190	28.476	1196	2.119	28.476	0.765	13.238	556	1.178	13.238	28.476	1196	2.119	28.476	1.800	41.190	1730	2.015	41.190	58.310	2449	1.361	58.310	0.675
216	12.042	45.902	2800	2.378	46.333	24.381	1024	1.917	24.381	0.806	20.214	849	1.845	20.214	24.381	1024	1.917	24.381	1.039	46.333	1946	2.400	46.333	55.619	2336	1.420	55.619	0.591
217	13.807	47.457	3322	2.389	47.833	18.262	767	1.389	18.262	0.581	16.238	682	1.450	16.238	18.262	767	1.389	18.262	0.958	47.833	2009	2.408	47.833	47.929	2013	1.126	47.929	0.468
218	12.789	48.317	3044	2.499	65.214	23.405	983	1.837	23.405	0.735	24.476	1028	2.233	24.476	23.405	983	1.837	23.405	0.823	65.214	2739.000	3.372	65.214	67.952	2854	1.623	67.952	0.481
219	17.529	40.093	3448	2.148	54.214	17.214	723	1.382	17.214	0.643	16.190	680	1.500	16.190	17.214	723	1.382	17.214	0.921	54.214	2277	2.905	54.214	50.024	2101	1.286	50.024	0.443
220	19.506	46.633	4197	2.402	58.048	19.286	810	1.487	19.286	0.619	22.071	927.000	1.993	22.071	19.286	810	1.487	19.286	0.746	58.048	2438	2.990	58.048	65.071	2733	1.557	65.071	0.521
221	18.250	50.558	4803	2.544	59.548	22.690	953	1.701	22.690	0.669	13.976	587	1.242	13.976	22.690	953	1.701	22.690	1.370	59.548	2501	2.996	59.548	80.286	3372.000	1.854	80.286	0.619
222	19.756	40.100	4010	2.050	59.143	23.024	967.000	1.759	23.024	0.858	16.476	692.000	1.494	16.476	23.024	967.000	1.759	23.024	1.177	59.143	2484	3.024	59.143	60.643	2547	1.388	60.643	0.459
223	19.002	39.929	3394	2.098	63.429	20.786	873	1.614	20.786	0.769	17.452	733	1.580	17.452	20.786	873	1.614	20.786	1.022	63.429	2664	3.333	63.429	61.762	2594	1.413	61.762	0.424
224	18.757	39.126	3717	2.083	61.548	25.357	1065	1.977	25.357	0.949	23.786	999	2.182	23.786	25.357	1065	1.977	25.357	0.906	61.548	2585	3.277	61.548	71.810	3016	1.652	71.810	0.504
225	17.529	40.756	3668.000	2.197	54.810	28.643	1203	2.253	28.643	1.026	22.071	927.000	2.032	22.071	28.643	1203	2.253	28.643	1.109	54.810	2302	2.955	54.810	68.071	2859	1.579	68.071	0.534
226	14.502	35.414	2479	1.871	47.619	20.119	845	1.571	20.119	0.839	16.429	690.000	1.493	16.429	20.119	845	1.571	20.119	1.052	47.619	2000	2.516	47.619	65.143	2736	1.488	65.143	0.591
227	15.532	43.372	3383.000	2.350	42.214	20.024	841.000	1.590	20.024	0.676	15	630	1.385	15	20.024	841.000	1.590	20.024	1.148	42.214	1773	2.287	42.214	87.571	3678	2.017	87.571	0.882
228	14.554	37.270	2758.000	2.024	39.476	21.357	897	1.684	21.357	0.832	17.119	719	1.577	17.119	21.357	897	1.684	21.357	1.068	39.476	1658	2.144	39.476	65.381	2746	1.509	65.381	0.704
229	15.542	47.101	3721	2.620	59.310	27.595	1159	2.211	27.595	0.844	20.310	853	1.898	20.310	27.595	1159	2.211	27.595	1.165	59.310	2491	3.299	59.310	65.714	2760.000	1.526	65.714	0.462
230	14.020	34.111	2149	2.008	39.786	21.881	919	1.813	21.881	0.903	12.714	534	1.215	12.714	21.881	919	1.813	21.881	1.492	39.786	1671	2.342	39.786	53.548	2249	1.263	53.548	0.539
231	16.373	28.735	2385	1.663	30.905	20.714	870	1.694	20.714	1.018	15.429	648	1.459	15.429	20.714	870	1.694	20.714	1.161	30.905	1298	1.789	30.905	63.452	2665	1.485	63.452	0.830
232	14.637	31.274	1939	1.827	25.738	18.024	757.000	1.476	18.024	0.808	13.571	570	1.286	13.571	18.024	757.000	1.476	18.024	1.147	25.738	1081	1.503	25.738	59.333	2492	1.380	59.333	0.918
233	13.558	35.194	2182	2.068	38.048	18.619	782	1.544	18.619	0.747	16.905	710	1.611	16.905	18.619	782	1.544	18.619	0.959	38.048	1598.000	2.236	38.048	54.738	2299	1.300	54.738	0.581
234	14.357	33.922	2171	1.969	34.262	18.667	784	1.531	18.667	0.777	10.690	449	1.020	10.690	18.667	784	1.531	18.667	1.501	34.262	1439	1.989	34.262	57.619	2420	1.353	57.619	0.680
235	15.075	27	1998	1.581	25.667	17.619	740	1.455	17.619	0.920	12.429	522	1.182	12.429	17.619	740	1.455	17.619	1.231	25.667	1078	1.503	25.667	58.738	2467	1.394	58.738	0.928
236	15.002	26.347	1976	1.546	29.381	14.405	605	1.183	14.405	0.765	17.310	727	1.638	17.310	14.405	605	1.183	14.405	0.722	29.381	1234	1.724	29.381	57.214	2403	1.338	57.214	0.776
237	10.776	28.980	1420	1.723	32.500	22.952	964	1.890	22.952	1.097	13.095	550	1.251	13.095	22.952	964	1.890	22.952	1.511	32.500	1365	1.933	32.500	69.262	2909	1.655	69.262	0.856
238	10.854	28.947	1650	1.729	43.333	20.071	843.000	1.665	20.071	0.963	10.643	447	1.021	10.643	20.071	843.000	1.665	20.071	1.631	43.333	1820	2.588	43.333	61.214	2571	1.453	61.214	0.561
239	12.760	28.842	1644	1.755	38.286	14.833	623	1.246	14.833	0.710	15.738	661	1.521	15.738	14.833	623	1.246	14.833	0.819	38.286	1608	2.329	38.286	73.214	3075.000	1.734	73.214	0.744
240	13.502	23.508	1387	1.437	31.310	14.381	604	1.204	14.381	0.838	10.500	441	1.013	10.500	14.381	604	1.204	14.381	1.189	31.310	1315	1.914	31.310	72.357	3039	1.706	72.357	0.891
