Frame	Mem Length	A-CatApicalMean	A-CatApicalSum	A-CatApicalNorm	A-CatApicalVertices	ActinApicalMean	ActinApicalSum	ActinApicalNorm	ActinApicalVertices	ApicalRatio	A-CatMedialMean	A-CatMedialSum	A-CatMedialNorm	A-CatMedialVertices	ActinMedialMean	ActinMedialSum	ActinMedialNorm	ActinMedialVertices	MedialRatio	A-CatBasalMean	A-CatBasalSum	A-CatBasalNorm	A-CatBasalVertices	ActinBasalMean	ActinBasalSum	ActinBasalNorm	ActinBasalVertices	BasalRatio
1	15.766	32.590	2705	1.670	32.667	36.405	1529	1.380	36.405	0.827	32.667	1372	1.674	32.667	36.405	1529	1.380	36.405	0.825	84.643	3555	2.188	84.643	36.357	1527.000	0.832	36.357	0.380
2	14.368	23.404	1334	1.224	28.500	37.595	1579	1.469	37.595	1.199	28.500	1197	1.491	28.500	37.595	1579	1.469	37.595	0.985	91.595	3847.000	2.398	91.595	33.476	1406	0.766	33.476	0.320
3	13.683	19.397	1222	1.026	26.310	30.952	1300	1.231	30.952	1.200	26.310	1105	1.392	26.310	30.952	1300	1.231	30.952	0.884	72.524	3046	1.902	72.524	31.571	1326	0.724	31.571	0.381
4	13.703	24.298	1385	1.218	28.738	32.381	1360	1.206	32.381	0.990	28.738	1207	1.441	28.738	32.381	1360	1.206	32.381	0.837	72.024	3025	1.846	72.024	28.619	1202	0.664	28.619	0.360
5	15.348	22.074	1501	1.131	26.286	31.643	1329	1.218	31.643	1.077	26.286	1104	1.347	26.286	31.643	1329	1.218	31.643	0.904	82.524	3466	2.136	82.524	27.643	1161	0.639	27.643	0.299
6	22.023	20.705	1822	1.091	22.048	26.119	1097	1.037	26.119	0.951	22.048	926	1.162	22.048	26.119	1097	1.037	26.119	0.893	78.571	3300	2.048	78.571	25.571	1074	0.596	25.571	0.291
7	21.398	17.103	1659	0.867	33.881	34.476	1448	1.325	34.476	1.528	33.881	1423	1.717	33.881	34.476	1448	1.325	34.476	0.772	82.762	3476	2.134	82.762	34.048	1430.000	0.795	34.048	0.373
8	23.343	24.544	2528	1.301	24.214	35.024	1471	1.413	35.024	1.086	24.214	1017	1.283	24.214	35.024	1471	1.413	35.024	1.101	80.190	3368	2.093	80.190	42.095	1768	0.979	42.095	0.468
9	20.069	32.433	2919.000	1.761	38	29.833	1253	1.229	29.833	0.698	38	1596	2.064	38	29.833	1253	1.229	29.833	0.596	94.024	3949	2.471	94.024	44.929	1887	1.047	44.929	0.424
10	22.755	26.357	2952	1.439	28.833	36.905	1550	1.520	36.905	1.056	28.833	1211	1.574	28.833	36.905	1550	1.520	36.905	0.966	99.619	4184	2.663	99.619	40.500	1701	0.943	40.500	0.354
11	22.423	27.378	2464	1.445	31.333	33.262	1397	1.314	33.262	0.909	31.333	1316	1.654	31.333	33.262	1397	1.314	33.262	0.794	76.357	3207	2.015	76.357	49.167	2065	1.140	49.167	0.566
12	18.714	22.964	1929	1.292	20.500	24.262	1019	1.032	24.262	0.799	20.500	861	1.153	20.500	24.262	1019	1.032	24.262	0.895	77.714	3264.000	2.088	77.714	38.786	1629	0.898	38.786	0.430
13	19.359	21.382	1625	1.243	27.167	28.119	1181	1.241	28.119	0.998	27.167	1141	1.580	27.167	28.119	1181	1.241	28.119	0.785	68.429	2874	1.867	68.429	40.619	1706	0.943	40.619	0.505
14	18.442	17.745	1668	1.010	22.905	26.119	1097	1.130	26.119	1.118	22.905	962	1.304	22.905	26.119	1097	1.130	26.119	0.866	80.071	3363	2.192	80.071	40.810	1714	0.954	40.810	0.435
15	23.419	16.731	1991	0.929	20.548	23.095	970	0.970	23.095	1.044	20.548	863	1.141	20.548	23.095	970	0.970	23.095	0.850	83.238	3496	2.259	83.238	32.476	1364	0.762	32.476	0.338
16	19.336	19.395	1668	1.050	19.262	20.643	867	0.850	20.643	0.809	19.262	809	1.042	19.262	20.643	867	0.850	20.643	0.815	93.762	3938	2.539	93.762	38.048	1598.000	0.902	38.048	0.355
17	16.697	20.837	1792.000	1.198	18.929	21.905	920	0.964	21.905	0.805	18.929	795.000	1.088	18.929	21.905	920	0.964	21.905	0.886	57.476	2414	1.596	57.476	33.857	1422.000	0.800	33.857	0.501
18	18.345	13.358	1082	0.767	21.595	24.119	1013	1.055	24.119	1.376	21.595	907	1.240	21.595	24.119	1013	1.055	24.119	0.851	68.595	2881.000	1.909	68.595	34.643	1455.000	0.820	34.643	0.429
19	15.670	14.712	1177	0.828	24.405	23.262	977	0.986	23.262	1.191	24.405	1025	1.373	24.405	23.262	977	0.986	23.262	0.718	75.286	3162.000	2.075	75.286	29.619	1244	0.701	29.619	0.338
20	20.025	15.388	1231	0.885	22.190	22.024	925.000	0.972	22.024	1.098	22.190	932	1.276	22.190	22.024	925.000	0.972	22.024	0.761	89.905	3776.000	2.508	89.905	28.643	1203	0.679	28.643	0.271
21	17.208	15.705	1225	0.922	13.976	18.786	789	0.832	18.786	0.903	13.976	587	0.820	13.976	18.786	789	0.832	18.786	1.015	70.762	2972	1.997	70.762	33.143	1392.000	0.780	33.143	0.391
22	15	14.987	1124	0.876	29.690	29.548	1241	1.329	29.548	1.516	29.690	1247	1.736	29.690	29.548	1241	1.329	29.548	0.765	95.310	4003	2.689	95.310	42.595	1789	1.011	42.595	0.376
23	17.013	21.532	1658	1.254	22.571	27.619	1160	1.232	27.619	0.982	22.571	948.000	1.314	22.571	27.619	1160	1.232	27.619	0.937	75.071	3153	2.120	75.071	38.452	1615.000	0.917	38.452	0.433
24	19.669	20.082	1707	1.148	23.452	30.881	1297	1.346	30.881	1.172	23.452	985	1.341	23.452	30.881	1297	1.346	30.881	1.004	74.667	3136	2.101	74.667	44.690	1877	1.068	44.690	0.509
25	21.708	23.566	2333	1.431	25.429	25.167	1057	1.187	25.167	0.829	25.429	1068	1.545	25.429	25.167	1057	1.187	25.167	0.768	74.643	3135	2.148	74.643	43.214	1815	1.031	43.214	0.480
26	21	17.181	1804	1.071	22.024	33.167	1393	1.597	33.167	1.491	22.024	925.000	1.373	22.024	33.167	1393	1.597	33.167	1.163	71.119	2987	2.094	71.119	61.667	2590	1.473	61.667	0.704
27	22.343	26.586	3084	1.573	24.500	32.952	1384.000	1.494	32.952	0.950	24.500	1029	1.449	24.500	32.952	1384.000	1.494	32.952	1.031	91.095	3826.000	2.610	91.095	55.381	2326	1.329	55.381	0.509
28	22.395	24.327	2749	1.462	24.929	39.476	1658	1.835	39.476	1.255	24.929	1047	1.498	24.929	39.476	1658	1.835	39.476	1.225	103.857	4362	3.015	103.857	43.929	1845	1.059	43.929	0.351
29	24.669	20.823	2353	1.281	33.619	33.905	1424	1.623	33.905	1.267	33.619	1412	2.068	33.619	33.905	1424	1.623	33.905	0.785	64.095	2692.000	1.914	64.095	55.786	2343	1.336	55.786	0.698
30	22.755	22.826	2625	1.372	16.524	28.048	1178	1.300	28.048	0.948	16.524	694.000	0.993	16.524	28.048	1178	1.300	28.048	1.309	76.119	3197	2.239	76.119	46.476	1952	1.122	46.476	0.501
31	22.356	21.936	2413	1.314	24.238	37.714	1584	1.744	37.714	1.327	24.238	1018	1.452	24.238	37.714	1584	1.744	37.714	1.201	61.762	2594	1.800	61.762	43.381	1822	1.045	43.381	0.580
32	19.667	21.440	2144	1.323	21.048	43.095	1810	2.070	43.095	1.564	21.048	884	1.299	21.048	43.095	1810	2.070	43.095	1.593	66.357	2787	1.940	66.357	57.786	2427	1.391	57.786	0.717
33	19.359	19.755	1857	1.272	31.619	33.714	1416	1.680	33.714	1.321	31.619	1328	2.035	31.619	33.714	1416	1.680	33.714	0.825	77.786	3267.000	2.343	77.786	63.762	2678	1.523	63.762	0.650
34	17.082	19.906	1692	1.248	18.214	19.524	820.000	0.932	19.524	0.747	18.214	765	1.142	18.214	19.524	820.000	0.932	19.524	0.816	62.310	2617	1.847	62.310	50.905	2138	1.223	50.905	0.662
35	16.829	15.133	1135	0.997	12.929	25.548	1073	1.305	25.548	1.308	12.929	543	0.852	12.929	25.548	1073	1.305	25.548	1.531	55.762	2342	1.695	55.762	64.976	2729	1.554	64.976	0.916
36	23.118	16.304	1875	1.063	16.333	26.095	1096	1.313	26.095	1.236	16.333	686	1.065	16.333	26.095	1096	1.313	26.095	1.234	61.548	2585	1.853	61.548	42.238	1774	1.018	42.238	0.549
37	19.379	14.242	1410	0.951	21.738	19.786	831	1.033	19.786	1.087	21.738	913	1.451	21.738	19.786	831	1.033	19.786	0.712	44.810	1882	1.379	44.810	46.024	1933	1.099	46.024	0.797
38	18.812	17.165	1459	1.144	19.548	15.738	661	0.820	15.738	0.717	19.548	821	1.303	19.548	15.738	661	0.820	15.738	0.629	52.952	2224	1.644	52.952	51.786	2175	1.236	51.786	0.752
39	18.382	13.024	1107	0.879	12.381	20.381	856	1.071	20.381	1.219	12.381	520	0.835	12.381	20.381	856	1.071	20.381	1.282	57.524	2416	1.798	57.524	32.452	1363.000	0.774	32.452	0.431
40	17.820	21.149	1988.000	1.459	14.262	12.310	517	0.673	12.310	0.461	14.262	599	0.984	14.262	12.310	517	0.673	12.310	0.684	38.667	1624	1.234	38.667	34.786	1461	0.824	34.786	0.668
41	17.413	17.276	1503	1.184	17.643	17.381	730	0.935	17.381	0.790	17.643	741	1.209	17.643	17.381	730	0.935	17.381	0.774	45.762	1922	1.451	45.762	31.571	1326	0.751	31.571	0.518
42	18.028	18.422	1658.000	1.238	16.643	15.571	654	0.825	15.571	0.666	16.643	699	1.118	16.643	15.571	654	0.825	15.571	0.738	53.833	2261	1.685	53.833	34.333	1442	0.822	34.333	0.488
43	17.333	19.647	1670	1.343	22.310	23.119	971	1.255	23.119	0.934	22.310	937	1.525	22.310	23.119	971	1.255	23.119	0.823	67.857	2850	2.137	67.857	40.286	1692	0.967	40.286	0.452
44	16.388	23.392	1731	1.553	19.857	25.405	1067	1.315	25.405	0.847	19.857	834	1.318	19.857	25.405	1067	1.315	25.405	0.997	82.095	3448.000	2.509	82.095	45.429	1908	1.092	45.429	0.435
45	17.346	18.631	1565	1.329	15.667	19.976	839.000	1.143	19.976	0.860	15.667	658	1.118	15.667	19.976	839.000	1.143	19.976	1.022	58.833	2471	1.940	58.833	51	2142	1.220	51	0.629
46	16.364	20.612	1381	1.459	20.238	20.714	870	1.178	20.714	0.807	20.238	850	1.433	20.238	20.714	870	1.178	20.714	0.822	64.095	2692.000	2.114	64.095	44.452	1867.000	1.065	44.452	0.504
47	13.683	21.043	1473	1.481	19.571	25.500	1071	1.426	25.500	0.963	19.571	822.000	1.378	19.571	25.500	1071	1.426	25.500	1.035	68.690	2885	2.245	68.690	57.310	2407	1.369	57.310	0.610
48	16.388	20.333	1525	1.455	17.571	17.500	735	0.987	17.500	0.678	17.571	738.000	1.258	17.571	17.500	735	0.987	17.500	0.785	57.714	2424	1.919	57.714	50.476	2120	1.194	50.476	0.622
49	17.013	51.104	3935	1.753	52.214	14	588	0.829	14	0.473	17.381	730	1.275	17.381	14	588	0.829	14	0.650	52.214	2193	1.791	52.214	55.357	2325	1.308	55.357	0.730
50	15.337	52.025	4162	1.756	59.405	22.595	949	1.313	22.595	0.748	18.429	774.000	1.337	18.429	22.595	949	1.313	22.595	0.982	59.405	2495	2.005	59.405	60.405	2537	1.432	60.405	0.714
51	17.013	41.619	3496	1.495	57.857	29.548	1241	1.821	29.548	1.218	26.119	1097	1.957	26.119	29.548	1241	1.821	29.548	0.931	57.857	2430	2.079	57.857	59.476	2498	1.568	59.476	0.754
52	16.337	43.650	3492	1.640	50.643	15.976	671	1.030	15.976	0.628	17.262	725	1.334	17.262	15.976	671	1.030	15.976	0.772	50.643	2127	1.903	50.643	57.571	2418	1.556	57.571	0.818
53	15.015	17.029	1158	1.264	21.976	27.500	1155	1.685	27.500	1.333	21.976	923.000	1.631	21.976	27.500	1155	1.685	27.500	1.033	55.190	2318	1.971	55.190	46.143	1938.000	1.235	46.143	0.627
54	19.516	16.352	1439	1.250	19.214	18.833	791	1.195	18.833	0.957	19.214	807	1.468	19.214	18.833	791	1.195	18.833	0.814	50.333	2114	1.825	50.333	40.095	1684	1.076	40.095	0.589
55	18.003	14.235	1153	1.089	20.357	13.500	567	0.858	13.500	0.788	20.357	855	1.558	20.357	13.500	567	0.858	13.500	0.551	60.167	2527	2.241	60.167	48.643	2043.000	1.330	48.643	0.594
56	18.049	17.183	1409	1.301	19.214	21.833	917	1.352	21.833	1.040	19.214	807	1.454	19.214	21.833	917	1.352	21.833	0.930	41.810	1756	1.534	41.810	43.071	1809	1.188	43.071	0.774
57	15.681	10.150	812	0.758	16.119	22.690	953	1.394	22.690	1.839	16.119	677	1.203	16.119	22.690	953	1.394	22.690	1.158	46.071	1935	1.651	46.071	39.714	1668	1.100	39.714	0.666
58	17	20.624	1753	1.500	17.310	28.262	1187	1.673	28.262	1.116	17.310	727	1.259	17.310	28.262	1187	1.673	28.262	1.329	61.167	2569	2.149	61.167	35.905	1508	0.998	35.905	0.465
59	16.333	14.312	1145	1.031	15.881	19.524	820.000	1.153	19.524	1.118	15.881	667	1.144	15.881	19.524	820.000	1.153	19.524	1.007	55.667	2338	1.917	55.667	41.952	1762.000	1.137	41.952	0.593
60	17.679	14.905	1252	1.107	21.405	18.738	787	1.135	18.738	1.025	21.405	899	1.590	21.405	18.738	787	1.135	18.738	0.714	52.167	2191	1.833	52.167	38.190	1604	0.980	38.190	0.534
61	21.357	12.800	1088	0.915	17.071	14.976	629	0.856	14.976	0.936	17.071	717.000	1.220	17.071	14.976	629	0.856	14.976	0.702	64.500	2709	2.203	64.500	39.286	1650	0.994	39.286	0.451
62	19.345	14.384	1237	1.022	18.119	13.667	574	0.777	13.667	0.760	18.119	761	1.288	18.119	13.667	574	0.777	13.667	0.603	42.214	1773	1.413	42.214	50.976	2141	1.283	50.976	0.908
63	16.003	15.812	1265	1.097	22.619	25.452	1069	1.398	25.452	1.274	22.619	950	1.570	22.619	25.452	1069	1.398	25.452	0.891	56.667	2380	1.853	56.667	42.667	1792	1.073	42.667	0.579
64	15.670	17.625	1269	1.232	17.286	23.714	996	1.316	23.714	1.068	17.286	726	1.208	17.286	23.714	996	1.316	23.714	1.089	67.119	2819	2.195	67.119	43.595	1831	1.090	43.595	0.497
65	14.472	19.414	1126	1.340	23.167	15.167	637	0.823	15.167	0.614	23.167	973	1.599	23.167	15.167	637	0.823	15.167	0.515	70.524	2962	2.250	70.524	42.952	1804.000	1.066	42.952	0.474
66	12.776	20.531	1314	1.389	17.333	19.595	823	1.051	19.595	0.757	17.333	728	1.172	17.333	19.595	823	1.051	19.595	0.896	58.333	2450	1.850	58.333	50.571	2124	1.248	50.571	0.675
67	14.907	16.068	1173.000	1.076	17.238	17.429	732.000	0.928	17.429	0.862	17.238	724	1.155	17.238	17.429	732.000	0.928	17.429	0.804	45.381	1906	1.429	45.381	51.167	2149	1.271	51.167	0.890
68	13.068	21.197	1399	1.486	16.310	22.857	960	1.278	22.857	0.860	16.310	685	1.144	16.310	22.857	960	1.278	22.857	1.118	34.500	1449	1.124	34.500	42.714	1794	1.046	42.714	0.930
69	14.395	16.333	1078	1.131	14.190	23.643	993	1.291	23.643	1.142	14.190	596	0.983	14.190	23.643	993	1.291	23.643	1.314	48.167	2023	1.557	48.167	44.952	1888.000	1.105	44.952	0.709
70	13.671	20.683	1303	1.448	23.976	19.381	814	1.090	19.381	0.753	23.976	1007.000	1.679	23.976	19.381	814	1.090	19.381	0.649	37.238	1564	1.231	37.238	64.333	2702	1.588	64.333	1.290
71	18.714	17.565	1493.000	1.248	19.286	22.286	936	1.272	22.286	1.019	19.286	810	1.370	19.286	22.286	936	1.272	22.286	0.928	59.381	2494	1.971	59.381	57.214	2403	1.405	57.214	0.713
72	19.847	14.944	1330	1.077	17.476	24.762	1040	1.434	24.762	1.331	17.476	734.000	1.260	17.476	24.762	1040	1.434	24.762	1.138	61.643	2589	2.116	61.643	46.690	1961	1.186	46.690	0.560
73	21.066	15.738	1684	1.136	16.738	19.905	836	1.160	19.905	1.021	16.738	703	1.208	16.738	19.905	836	1.160	19.905	0.960	57.500	2415	1.963	57.500	52.024	2185	1.287	52.024	0.656
74	21.003	19.484	1851	1.401	21.429	25.857	1086	1.495	25.857	1.067	21.429	900.000	1.540	21.429	25.857	1086	1.495	25.857	0.970	65.024	2731	2.191	65.024	44.357	1863.000	1.101	44.357	0.502
75	18.856	13.200	1122	0.976	13.310	15.143	636	0.913	15.143	0.936	13.310	559	0.984	13.310	15.143	636	0.913	15.143	0.928	59.690	2507	2.098	59.690	48.333	2030	1.213	48.333	0.578
76	18.670	16.827	1363	1.248	18.500	18.714	786	1.147	18.714	0.919	18.500	777	1.372	18.500	18.714	786	1.147	18.714	0.836	52.357	2199	1.860	52.357	55.357	2325	1.436	55.357	0.772
77	14.670	15.537	1041	1.170	19.095	16.667	700	1.038	16.667	0.887	19.095	802	1.438	19.095	16.667	700	1.038	16.667	0.722	47.238	1984	1.672	47.238	37.714	1584	0.949	37.714	0.568
78	13.017	16.085	949	1.200	14.500	17.548	737	1.084	17.548	0.903	14.500	609	1.082	14.500	17.548	737	1.084	17.548	1.002	37.952	1594.000	1.355	37.952	39.762	1670	0.984	39.762	0.727
79	14.670	14.324	974	1.108	11.214	12.643	531	0.816	12.643	0.737	11.214	471.000	0.867	11.214	12.643	531	0.816	12.643	0.941	26.024	1093	0.950	26.024	37.286	1566	0.910	37.286	0.958
80	16.087	13.639	982	1.013	13.762	20.595	865	1.257	20.595	1.241	13.762	578	1.022	13.762	20.595	865	1.257	20.595	1.230	53.881	2263	1.894	53.881	36.429	1530	0.893	36.429	0.472
81	19.437	38.620	3051	1.384	42.643	15.762	662	0.982	15.762	0.709	15.833	665	1.194	15.833	15.762	662	0.982	15.762	0.822	42.643	1791.000	1.529	42.643	45.643	1917.000	1.120	45.643	0.733
82	18.049	36.700	2936	1.296	30.071	20.167	847	1.229	20.167	0.949	16.905	710	1.255	16.905	20.167	847	1.229	20.167	0.980	30.071	1263	1.062	30.071	43.238	1816	1.075	43.238	1.012
83	19.186	46.225	4114	1.560	40.571	17.405	731	0.999	17.405	0.641	16.595	697	1.176	16.595	17.405	731	0.999	17.405	0.850	40.571	1704	1.369	40.571	43.571	1830	1.082	43.571	0.791
84	13.337	46.200	3003	1.585	37.786	16.119	677	0.958	16.119	0.605	14.619	614	1.061	14.619	16.119	677	0.958	16.119	0.903	37.786	1587	1.296	37.786	50.643	2127	1.260	50.643	0.972
85	11.743	18.702	1066	1.337	16.429	15.381	646	0.893	15.381	0.668	16.429	690.000	1.175	16.429	15.381	646	0.893	15.381	0.760	42.952	1804.000	1.468	42.952	33.881	1423	0.847	33.881	0.577
86	16.388	20.493	1537	1.454	17.667	17.476	734.000	0.998	17.476	0.687	17.667	742	1.253	17.667	17.476	734.000	0.998	17.476	0.797	43.214	1815	1.469	43.214	36.881	1549	0.941	36.881	0.641
87	19.379	17.205	1514	1.183	17.762	22.381	940	1.231	22.381	1.040	17.762	746	1.221	17.762	22.381	940	1.231	22.381	1.008	48.405	2033	1.581	48.405	36.571	1536	0.922	36.571	0.583
88	18.741	13	1196	0.887	24.643	22.833	959	1.236	22.833	1.393	24.643	1035	1.681	24.643	22.833	959	1.236	22.833	0.735	72.286	3036.000	2.353	72.286	38.190	1604	0.951	38.190	0.404
89	21.792	13.969	1369	0.958	16.333	18.333	770	1.002	18.333	1.047	16.333	686	1.120	16.333	18.333	770	1.002	18.333	0.895	48.190	2024	1.573	48.190	36.857	1548.000	0.919	36.857	0.584
90	25.412	11.512	1462	0.803	16.405	15.810	664	0.890	15.810	1.108	16.405	689	1.144	16.405	15.810	664	0.890	15.810	0.778	41.143	1728.000	1.379	41.143	33.690	1415	0.838	33.690	0.608
91	20.989	16.680	1718	1.147	13.786	16.714	702	0.914	16.714	0.797	13.786	579	0.948	13.786	16.714	702	0.914	16.714	0.964	48	2016	1.564	48	41.429	1740	1.037	41.429	0.663
92	22.669	15.437	1590	1.032	22.357	22.143	930	1.178	22.143	1.141	22.357	939	1.495	22.357	22.143	930	1.178	22.143	0.788	48.929	2055	1.564	48.929	41.571	1746	1.041	41.571	0.666
93	22	15.282	1681	1.038	27.071	22.190	932	1.202	22.190	1.158	27.071	1137	1.838	27.071	22.190	932	1.202	22.190	0.654	59.024	2479	1.908	59.024	40.524	1702	1.015	40.524	0.532
94	24	17.325	2079	1.137	14.833	15.833	665	0.821	15.833	0.722	14.833	623	0.974	14.833	15.833	665	0.821	15.833	0.843	51.357	2157	1.629	51.357	42.071	1767	1.053	42.071	0.647
95	22.706	15.272	1573	0.993	13.857	18.095	760	0.926	18.095	0.933	13.857	582	0.901	13.857	18.095	760	0.926	18.095	1.028	35.143	1476.000	1.097	35.143	31.214	1311	0.783	31.214	0.714
96	16.347	13.558	1166	0.872	12.262	26.667	1120	1.353	26.667	1.553	12.262	515	0.788	12.262	26.667	1120	1.353	26.667	1.717	38.500	1617	1.191	38.500	44.143	1854.000	1.108	44.143	0.931
97	17.670	21.377	1646.000	1.380	25.286	17.738	745	0.904	17.738	0.655	25.286	1062	1.633	25.286	17.738	745	0.904	17.738	0.554	49.976	2099	1.557	49.976	43.381	1822	1.089	43.381	0.699
98	15.059	13.986	965	0.925	12.143	16.333	686	0.860	16.333	0.930	12.143	510	0.803	12.143	16.333	686	0.860	16.333	1.071	62.071	2607	1.959	62.071	42.286	1776	1.060	42.286	0.541
99	15.015	15.176	1032	0.988	17.833	15.952	670	0.822	15.952	0.832	17.833	749	1.162	17.833	15.952	670	0.822	15.952	0.708	56.976	2393	1.805	56.976	41.643	1749.000	1.062	41.643	0.588
100	14.727	17.053	1279	1.063	15.310	16.262	683	0.793	16.262	0.746	15.310	643	0.954	15.310	16.262	683	0.793	16.262	0.831	72.048	3026	2.179	72.048	38.738	1627	0.978	38.738	0.449
101	14.701	18.240	1368.000	1.128	22.524	17.214	723	0.828	17.214	0.733	22.524	946.000	1.393	22.524	17.214	723	0.828	17.214	0.594	74.571	3132	2.228	74.571	38.833	1631	0.987	38.833	0.443
102	11.411	19.340	1025	1.175	25.905	23.190	974	1.100	23.190	0.936	25.905	1088	1.574	25.905	23.190	974	1.100	23.190	0.699	78.024	3277	2.320	78.024	37.762	1586	0.958	37.762	0.413
103	12.671	15.354	998	0.944	19.952	20.714	870	1.002	20.714	1.062	19.952	838	1.227	19.952	20.714	870	1.002	20.714	0.817	62.143	2610	1.854	62.143	29.881	1255	0.757	29.881	0.408
104	11.353	21.580	1079	1.378	21.857	14.024	589	0.701	14.024	0.509	21.857	918	1.396	21.857	14.024	589	0.701	14.024	0.502	51.262	2153	1.570	51.262	39.286	1650	0.989	39.286	0.630
105	14.701	22	1276	1.396	18.119	16.429	690.000	0.815	16.429	0.584	18.119	761	1.149	18.119	16.429	690.000	0.815	16.429	0.709	69.667	2926	2.141	69.667	34.667	1456	0.872	34.667	0.408
106	14.670	23.382	1590	1.429	24.476	23.667	994	1.135	23.667	0.794	24.476	1028	1.495	24.476	23.667	994	1.135	23.667	0.759	61.619	2588	1.847	61.619	39.286	1650	0.991	39.286	0.536
107	15.667	20.187	1514	1.255	14.976	27.024	1135	1.320	27.024	1.052	14.976	629	0.931	14.976	27.024	1135	1.320	27.024	1.418	69.357	2913	2.123	69.357	30.310	1273	0.765	30.310	0.360
108	15.004	16.313	1093	1.005	26.857	24.952	1048	1.193	24.952	1.187	26.857	1128	1.655	26.857	24.952	1048	1.193	24.952	0.721	61.500	2583	1.849	61.500	32.119	1349	0.813	32.119	0.439
109	15.794	16.443	1299	1.009	14.571	26.381	1108	1.258	26.381	1.247	14.571	612	0.894	14.571	26.381	1108	1.258	26.381	1.407	61.857	2598	1.859	61.857	36.190	1520	0.917	36.190	0.493
110	15.723	11.203	829.000	0.705	13.929	15.238	640	0.741	15.238	1.052	13.929	585	0.876	13.929	15.238	640	0.741	15.238	0.846	51.405	2159	1.564	51.405	37.048	1556.000	0.931	37.048	0.595
111	12	19.150	1149	1.193	20.405	19.738	829	0.952	19.738	0.798	20.405	857	1.271	20.405	19.738	829	0.952	19.738	0.749	63.452	2665	1.937	63.452	42.786	1797	1.107	42.786	0.572
112	12.494	14.460	911	0.867	19.762	19.476	818.000	0.899	19.476	1.036	19.762	830	1.185	19.762	19.476	818.000	0.899	19.476	0.758	52.667	2212	1.550	52.667	34.857	1464.000	0.884	34.857	0.570
113	13.768	16.828	1077	1.029	14.786	21.238	892	1.009	21.238	0.981	14.786	621	0.904	14.786	21.238	892	1.009	21.238	1.117	50.619	2126	1.506	50.619	38.810	1630	0.976	38.810	0.648
114	15.033	25.893	1942	1.564	16.762	27.714	1164	1.284	27.714	0.821	16.762	704	1.012	16.762	27.714	1164	1.284	27.714	1.269	53.857	2262	1.603	53.857	43.048	1808.000	1.081	43.048	0.675
115	16.279	18.012	1495.000	1.036	23.167	25.643	1077	1.136	25.643	1.097	23.167	973	1.332	23.167	25.643	1077	1.136	25.643	0.853	52.095	2188	1.500	52.095	42.262	1775	1.067	42.262	0.711
116	15.839	25.775	1830	1.509	23.286	20.357	855	0.913	20.357	0.605	23.286	978	1.363	23.286	20.357	855	0.913	20.357	0.670	67.476	2834	1.968	67.476	46.190	1940	1.166	46.190	0.592
117	15.463	21.962	1713.000	1.235	18.310	18.524	778.000	0.792	18.524	0.642	18.310	769	1.029	18.310	18.524	778.000	0.792	18.524	0.770	43.500	1827	1.267	43.500	37.667	1582	0.951	37.667	0.750
118	16.003	18.361	1322	1.114	15.286	16.262	683	0.757	16.262	0.680	15.286	642	0.927	15.286	16.262	683	0.757	16.262	0.816	43.071	1809	1.292	43.071	29.667	1246	0.746	29.667	0.578
119	16.333	18.753	1594	1.059	19.810	17.048	716	0.732	17.048	0.691	19.810	832	1.119	19.810	17.048	716	0.732	17.048	0.654	53.976	2267	1.559	53.976	42.143	1770.000	1.069	42.143	0.685
120	16.364	15.779	1357	0.903	17.238	22.262	935	0.968	22.262	1.072	17.238	724	0.987	17.238	22.262	935	0.968	22.262	0.981	50.310	2113	1.461	50.310	42.524	1786	1.072	42.524	0.733
121	15.333	19.440	1458	1.135	20.548	21.214	891	0.934	21.214	0.823	20.548	863	1.199	20.548	21.214	891	0.934	21.214	0.779	43.310	1819	1.283	43.310	47.381	1990	1.189	47.381	0.926
122	12.293	21.051	1242	1.229	20.833	22.667	952	1.009	22.667	0.821	20.833	875	1.216	20.833	22.667	952	1.009	22.667	0.830	53.905	2264	1.598	53.905	48	2016	1.214	48	0.760
123	12.042	12.150	729	0.732	11.238	21.286	894	0.986	21.286	1.346	11.238	472.000	0.677	11.238	21.286	894	0.986	21.286	1.456	55.262	2321	1.677	55.262	54.238	2278	1.372	54.238	0.818
124	11.411	15.415	817	0.893	18.405	18.619	782	0.831	18.619	0.930	18.405	773	1.066	18.405	18.619	782	0.831	18.619	0.779	49.357	2073	1.495	49.357	36.476	1532	0.923	36.476	0.618
125	9.667	18.160	908	1.020	17.452	20.357	855	0.873	20.357	0.855	17.452	733	0.981	17.452	20.357	855	0.873	20.357	0.890	51.381	2158	1.525	51.381	49.833	2093	1.255	49.833	0.823
126	7.032	13.412	456	0.726	14.095	15.976	671	0.652	15.976	0.898	14.095	592	0.763	14.095	15.976	671	0.652	15.976	0.855	53.500	2247	1.565	53.500	39.667	1666	0.996	39.667	0.637
127	11.743	12.190	707	0.699	12.762	18.643	783	0.809	18.643	1.157	12.762	536	0.732	12.762	18.643	783	0.809	18.643	1.105	46.595	1957	1.387	46.595	52.738	2215	1.325	52.738	0.955
128	10.339	14.740	737	0.818	18.119	17.119	719	0.722	17.119	0.883	18.119	761	1.005	18.119	17.119	719	0.722	17.119	0.718	58.238	2446	1.709	58.238	53.810	2260	1.359	53.810	0.796
129	13.671	17.600	1144	0.989	20.143	22.238	934	0.947	22.238	0.957	20.143	846	1.132	20.143	22.238	934	0.947	22.238	0.836	56.357	2367	1.656	56.357	40.214	1689	1.014	40.214	0.612
130	13.371	16.887	895	0.971	19.738	18.190	764	0.793	18.190	0.817	19.738	829	1.134	19.738	18.190	764	0.793	18.190	0.699	45.571	1914	1.357	45.571	39.286	1650	0.984	39.286	0.726
131	16.337	18.342	1394	1.056	15.119	20.262	851	0.880	20.262	0.833	15.119	635	0.871	15.119	20.262	851	0.880	20.262	1.010	57.262	2405	1.702	57.262	40.714	1710	1.017	40.714	0.598
132	16.667	14.694	1249	0.840	22.690	19.690	827	0.852	19.690	1.015	22.690	953	1.297	22.690	19.690	827	0.852	19.690	0.657	51.667	2170	1.519	51.667	45.262	1901	1.126	45.262	0.741
133	13.667	17.257	1208	0.957	14.952	27.048	1136	1.141	27.048	1.193	14.952	628	0.829	14.952	27.048	1136	1.141	27.048	1.376	58.595	2461	1.698	58.595	56.262	2363	1.406	56.262	0.828
134	11.020	15.320	766	0.839	15.071	22.833	959	0.956	22.833	1.140	15.071	633	0.825	15.071	22.833	959	0.956	22.833	1.158	51.143	2148	1.479	51.143	34.881	1465	0.877	34.881	0.593
135	13.437	16.984	1036	0.944	19.119	18.262	767	0.769	18.262	0.815	19.119	803	1.062	19.119	18.262	767	0.769	18.262	0.724	56.071	2355	1.663	56.071	41.357	1737.000	1.034	41.357	0.622
136	12.229	15.172	971	0.843	17.262	23.190	974	0.974	23.190	1.156	17.262	725	0.959	17.262	23.190	974	0.974	23.190	1.016	50.786	2133	1.485	50.786	35.238	1480	0.884	35.238	0.595
137	10.050	17.961	916	1.030	24.238	18.405	773	0.805	18.405	0.782	24.238	1018	1.390	24.238	18.405	773	0.805	18.405	0.579	52.476	2204	1.536	52.476	37.595	1579	0.935	37.595	0.609
138	13.068	10.186	601	0.597	15.810	16.571	696.000	0.734	16.571	1.229	15.810	664	0.927	15.810	16.571	696.000	0.734	16.571	0.792	47.952	2014.000	1.427	47.952	44.167	1855	1.097	44.167	0.769
139	13.208	17.569	1142	1.038	17.595	24.190	1016	1.087	24.190	1.047	17.595	739	1.039	17.595	24.190	1016	1.087	24.190	1.046	63.667	2674	1.900	63.667	52.167	2191	1.294	52.167	0.681
140	14.761	13.783	951	0.821	15.119	16.476	692.000	0.744	16.476	0.906	15.119	635	0.901	15.119	16.476	692.000	0.744	16.476	0.826	59.381	2494	1.775	59.381	54.167	2275	1.339	54.167	0.754
141	18.382	20.452	1902.000	1.239	17.548	22.738	955	1.043	22.738	0.842	17.548	737	1.063	17.548	22.738	955	1.043	22.738	0.982	55.190	2318	1.687	55.190	48.071	2019	1.180	48.071	0.700
142	17.082	16.793	1461	1.020	17.786	24.262	1019	1.121	24.262	1.099	17.786	747	1.080	17.786	24.262	1019	1.121	24.262	1.038	49.976	2099	1.525	49.976	57.476	2414	1.415	57.476	0.928
143	20.467	16.049	1637.000	0.968	23.524	21.762	914	0.999	21.762	1.032	23.524	988.000	1.418	23.524	21.762	914	0.999	21.762	0.704	57.595	2419	1.759	57.595	51.738	2173	1.274	51.738	0.724
144	15.723	11.861	937.000	0.735	22.143	23.357	981	1.109	23.357	1.508	22.143	930	1.373	22.143	23.357	981	1.109	23.357	0.808	64.381	2704	1.971	64.381	57.381	2410	1.408	57.381	0.715
145	14.395	17.242	1138	1.076	22.786	22.357	939	1.067	22.357	0.992	22.786	957	1.422	22.786	22.357	939	1.067	22.357	0.750	48.381	2032	1.500	48.381	52.238	2194	1.277	52.238	0.851
146	11.126	38.431	1960	1.169	56	22.500	945	1.053	22.500	0.901	13.976	587	0.862	13.976	22.500	945	1.053	22.500	1.221	56	2352	1.703	56	48.881	2053	1.199	48.881	0.704
147	13.671	13.905	876	0.859	15.810	20.929	879.000	0.988	20.929	1.150	15.810	664	0.977	15.810	20.929	879.000	0.988	20.929	1.011	52.095	2188	1.611	52.095	44.286	1860	1.083	44.286	0.672
148	13.350	37.422	2395	1.179	44.405	18.119	761	0.887	18.119	0.752	12.619	530	0.799	12.619	18.119	761	0.887	18.119	1.109	44.405	1865	1.399	44.405	46.429	1950	1.136	46.429	0.812
149	12.351	44.500	2759	1.358	42.738	15.548	653	0.720	15.548	0.530	14.762	620	0.900	14.762	15.548	653	0.720	15.548	0.801	42.738	1795	1.304	42.738	45.833	1925	1.133	45.833	0.869
150	10	43.380	2169	1.338	41.714	16.810	706	0.778	16.810	0.582	20.048	842	1.221	20.048	16.810	706	0.778	16.810	0.638	41.714	1752	1.287	41.714	46.048	1934.000	1.126	46.048	0.875
151	9.428	35.767	1538.000	1.121	33.548	18.405	773	0.883	18.405	0.787	10.738	451.000	0.672	10.738	18.405	773	0.883	18.405	1.314	33.548	1409.000	1.051	33.548	54.381	2284	1.323	54.381	1.258
152	11.045	22.482	1259	0.699	32.357	15.310	643	0.712	15.310	1.018	16.190	680	0.994	16.190	15.310	643	0.712	15.310	0.716	32.357	1359.000	1.006	32.357	50.143	2106	1.218	50.143	1.211
153	14.907	42.597	2854.000	1.334	44.071	13.500	567	0.655	13.500	0.491	21.452	901	1.357	21.452	13.500	567	0.655	13.500	0.483	44.071	1851	1.380	44.071	51.571	2166	1.252	51.571	0.907
154	16.415	42.237	3210	1.326	42.333	15.857	666	0.774	15.857	0.584	11.833	497	0.754	11.833	15.857	666	0.774	15.857	1.027	42.333	1778	1.329	42.333	54.262	2279	1.317	54.262	0.991
155	16.455	37.672	2524	1.180	41.833	15.452	649	0.752	15.452	0.637	17.738	745	1.128	17.738	15.452	649	0.752	15.452	0.667	41.833	1757	1.310	41.833	55.310	2323	1.347	55.310	1.028
156	14.349	38.045	2549	1.184	49.571	14.476	608	0.693	14.476	0.586	13.238	556	0.835	13.238	14.476	608	0.693	14.476	0.830	49.571	2082	1.542	49.571	55.214	2319	1.341	55.214	0.870
157	14.036	32.250	1806	1.040	61.929	16.405	689	0.827	16.405	0.795	13.500	567	0.886	13.500	16.405	689	0.827	16.405	0.933	61.929	2601	1.997	61.929	59.071	2481	1.433	59.071	0.717
158	10.672	38.800	1940.000	1.257	45.476	19.952	838	0.998	19.952	0.794	17.476	734.000	1.141	17.476	19.952	838	0.998	19.952	0.875	45.476	1910	1.473	45.476	64.690	2717	1.570	64.690	1.066
159	12.405	38.873	2449	1.262	48.143	17.643	741	0.868	17.643	0.687	15.310	643	0.987	15.310	17.643	741	0.868	17.643	0.879	48.143	2022.000	1.564	48.143	66.690	2801	1.623	66.690	1.038
160	15.794	48.709	3848.000	1.524	53.714	16.929	711.000	0.806	16.929	0.529	13.905	584	0.874	13.905	16.929	711.000	0.806	16.929	0.923	53.714	2256	1.681	53.714	62.405	2621	1.513	62.405	0.900
161	16.169	43.427	3257	1.377	45.643	18.452	775	0.904	18.452	0.656	11.595	487	0.746	11.595	18.452	775	0.904	18.452	1.211	45.643	1917.000	1.447	45.643	61.405	2579	1.491	61.405	1.030
162	11.686	25.660	1283	0.810	34.667	22.833	959	1.091	22.833	1.347	17.262	725	1.090	17.262	22.833	959	1.091	22.833	1.001	34.667	1456	1.094	34.667	57.905	2432	1.408	57.905	1.287
163	12.880	42.879	2487	1.347	31.500	14.476	608	0.693	14.476	0.514	15.619	656	0.984	15.619	14.476	608	0.693	14.476	0.704	31.500	1323	0.989	31.500	58.048	2438	1.408	58.048	1.423
164	12.042	28.449	1394	0.916	32.690	11.452	481	0.556	11.452	0.608	16.429	690.000	1.052	16.429	11.452	481	0.556	11.452	0.529	32.690	1373	1.052	32.690	61.452	2581	1.484	61.452	1.411
165	13.106	23.231	1510	0.746	29.095	11.762	494.000	0.574	11.762	0.770	12.167	511	0.782	12.167	11.762	494.000	0.574	11.762	0.733	29.095	1222	0.934	29.095	50.976	2141	1.235	50.976	1.323
166	11.081	27.286	1528	0.881	35.976	11.310	475	0.560	11.310	0.636	10.214	429.000	0.662	10.214	11.310	475	0.560	11.310	0.846	35.976	1511	1.161	35.976	37.452	1573.000	0.905	37.452	0.780
167	13.768	30	1830	0.977	39.595	12.048	506	0.612	12.048	0.626	12.357	519	0.820	12.357	12.048	506	0.612	12.048	0.746	39.595	1663	1.290	39.595	50.976	2141	1.235	50.976	0.957
168	15.004	33.176	2256	1.034	38.048	14.952	628	0.700	14.952	0.677	14.238	598	0.881	14.238	14.952	628	0.700	14.952	0.794	38.048	1598.000	1.186	38.048	46.167	1939	1.118	46.167	0.943
169	12.706	25.318	1671	0.822	32.286	12.643	531	0.630	12.643	0.766	11.714	492.000	0.765	11.714	12.643	531	0.630	12.643	0.824	32.286	1356	1.048	32.286	57.929	2433	1.396	57.929	1.332
170	15.670	34.813	2611	1.097	40.500	12.595	529	0.601	12.595	0.548	14.476	608	0.910	14.476	12.595	529	0.601	12.595	0.661	40.500	1701	1.276	40.500	65.762	2762	1.589	65.762	1.246
171	15.348	34.014	2449	1.107	27.619	14.571	612	0.745	14.571	0.673	15.690	659	1.051	15.690	14.571	612	0.745	14.571	0.709	27.619	1160	0.899	27.619	55.643	2337	1.334	55.643	1.483
172	13	26.108	1697	0.827	46.262	14.905	626	0.737	14.905	0.891	10.643	447	0.691	10.643	14.905	626	0.737	14.905	1.067	46.262	1943	1.466	46.262	61.952	2602	1.483	61.952	1.012
173	16.347	37.156	2861	1.196	50.024	17	714	0.854	17	0.714	16.119	677	1.054	16.119	17	714	0.854	17	0.810	50.024	2101	1.610	50.024	53.714	2256	1.284	53.714	0.797
174	18.049	42.256	3803.000	1.366	49.071	17.810	748	0.941	17.810	0.689	16.571	696.000	1.129	16.571	17.810	748	0.941	17.810	0.833	49.071	2061	1.586	49.071	62.833	2639	1.497	62.833	0.943
175	17.052	42.603	3323	1.382	54.905	20.286	852	1.054	20.286	0.763	19	798	1.285	19	20.286	852	1.054	20.286	0.821	54.905	2306	1.781	54.905	47.762	2006	1.140	47.762	0.640
176	16.667	41.635	3539	1.302	51.833	19.095	802	0.944	19.095	0.725	12.119	509	0.781	12.119	19.095	802	0.944	19.095	1.208	51.833	2177	1.622	51.833	55.476	2330	1.333	55.476	0.822
177	15.337	39.512	3161	1.249	63.952	21.929	921.000	1.116	21.929	0.894	17.452	733	1.141	17.452	21.929	921.000	1.116	21.929	0.979	63.952	2686	2.021	63.952	64.333	2702	1.579	64.333	0.781
178	17.013	42.519	3274	1.389	54.810	18.762	788	1.004	18.762	0.723	16.452	691	1.128	16.452	18.762	788	1.004	18.762	0.890	54.810	2302	1.790	54.810	60.762	2552	1.444	60.762	0.807
179	17.333	46.859	3983	1.587	51.524	14.714	618	0.805	14.714	0.507	17.762	746	1.248	17.762	14.714	618	0.805	14.714	0.645	51.524	2164	1.745	51.524	53.810	2260	1.260	53.810	0.722
180	15.681	31.236	2249	1.229	38.738	17.667	742	1.125	17.667	0.915	10.524	442	0.817	10.524	17.667	742	1.125	17.667	1.376	38.738	1627	1.524	38.738	57.238	2404	1.583	57.238	1.039
181	18.345	42.621	4049	1.457	36.929	19.786	831	1.073	19.786	0.737	16.238	682	1.132	16.238	19.786	831	1.073	19.786	0.948	36.929	1551	1.262	36.929	58.786	2469	1.422	58.786	1.127
182	13.017	32.323	2101	1.103	53.429	20.524	862.000	1.149	20.524	1.042	16.143	678	1.145	16.143	20.524	862.000	1.149	20.524	1.004	53.429	2244	1.823	53.429	54.119	2273	1.288	54.119	0.706
183	14.701	40.487	3077	1.412	48.405	16.929	711.000	0.966	16.929	0.684	15.024	631	1.089	15.024	16.929	711.000	0.966	16.929	0.887	48.405	2033	1.688	48.405	54.238	2278	1.282	54.238	0.760
184	11.333	30.927	1701	1.124	27.595	16.548	695	0.966	16.548	0.859	14.976	629	1.109	14.976	16.548	695	0.966	16.548	0.870	27.595	1159	1.003	27.595	66.357	2787	1.562	66.357	1.556
185	13.004	27.062	1759	0.985	28.119	12.952	544	0.764	12.952	0.776	18.238	766	1.365	18.238	12.952	544	0.764	12.952	0.560	28.119	1181	1.023	28.119	53.738	2257	1.253	53.738	1.225
186	12.667	31.215	2029	1.142	27.262	16.024	673.000	0.948	16.024	0.830	18.238	766	1.365	18.238	16.024	673.000	0.948	16.024	0.695	27.262	1145	0.997	27.262	53.476	2246	1.267	53.476	1.271
187	12	26.467	1588	0.959	37.595	18.405	773	1.082	18.405	1.128	15.548	653	1.159	15.548	18.405	773	1.082	18.405	0.934	37.595	1579	1.362	37.595	60.738	2551	1.408	60.738	1.034
188	14.670	25.187	1889	0.910	33.071	14.476	608	0.837	14.476	0.920	16.095	676	1.178	16.095	14.476	608	0.837	14.476	0.710	33.071	1389	1.195	33.071	62.381	2620	1.459	62.381	1.221
189	15.699	28.347	2126	1.031	39.905	20.262	851	1.165	20.262	1.130	13.738	577	1.016	13.738	20.262	851	1.165	20.262	1.147	39.905	1676	1.451	39.905	65.667	2758	1.534	65.667	1.057
190	14.099	26.740	1952	0.965	39.857	18.690	785	1.057	18.690	1.096	13.952	586	1.018	13.952	18.690	785	1.057	18.690	1.039	39.857	1674.000	1.439	39.857	62.143	2610	1.475	62.143	1.025
191	17.789	30.564	2873	1.113	28.929	14.238	598	0.805	14.238	0.723	14.976	629	1.089	14.976	14.238	598	0.805	14.238	0.739	28.929	1215	1.053	28.929	53.143	2232	1.280	53.143	1.215
192	17.065	25.962	2051	0.983	29.476	14.619	614	0.866	14.619	0.881	12.190	512	0.915	12.190	14.619	614	0.866	14.619	0.946	29.476	1238	1.116	29.476	57.976	2435	1.408	57.976	1.262
193	16.879	25.512	2143	1.023	36.524	13	546	0.815	13	0.797	16.071	675.000	1.254	16.071	13	546	0.815	13	0.650	36.524	1534	1.464	36.524	60.262	2531	1.487	60.262	1.016
194	17.695	18.267	1644	0.756	31.548	12.952	544	0.842	12.952	1.114	9.786	411.000	0.775	9.786	12.952	544	0.842	12.952	1.086	31.548	1325	1.305	31.548	62.310	2617	1.609	62.310	1.233
195	17.448	22.943	1996	0.963	22.595	12.357	519	0.812	12.357	0.843	20.595	865	1.659	20.595	12.357	519	0.812	12.357	0.489	22.595	949	0.948	22.595	49.405	2075	1.273	49.405	1.343
196	18.361	20.433	1839	0.862	27.857	12.500	525	0.840	12.500	0.974	14.452	607	1.177	14.452	12.500	525	0.840	12.500	0.713	27.857	1170	1.175	27.857	43.929	1845	1.139	43.929	0.969
197	16.337	18.675	1438	0.767	23.476	11.262	473.000	0.733	11.262	0.956	13.500	567	1.082	13.500	11.262	473.000	0.733	11.262	0.678	23.476	986.000	0.964	23.476	40.071	1683	1.013	40.071	1.051
198	15.699	24.938	1995	1.040	21.738	12.190	512	0.815	12.190	0.784	7.119	299	0.582	7.119	12.190	512	0.815	12.190	1.401	21.738	913	0.906	21.738	56.857	2388	1.440	56.857	1.589
199	14	26.300	1841	1.034	19.143	12.190	512	0.762	12.190	0.736	12.500	525	0.978	12.500	12.190	512	0.762	12.190	0.779	19.143	804	0.753	19.143	50.857	2136	1.175	50.857	1.560
200	16.680	25.377	1954.000	1.108	32.667	14.190	596	0.955	14.190	0.862	16.690	701	1.379	16.690	14.190	596	0.955	14.190	0.693	32.667	1372	1.426	32.667	54.238	2278	1.346	54.238	0.943
201	12.042	16.020	785	0.655	22.238	16.595	697	1.049	16.595	1.601	9.619	404	0.764	9.619	16.595	697	1.049	16.595	1.372	22.238	934	0.909	22.238	60.452	2539	1.441	60.452	1.585
202	15.033	20.907	1568	0.910	36.976	10.881	457	0.729	10.881	0.801	9.667	406	0.798	9.667	10.881	457	0.729	10.881	0.913	36.976	1553	1.609	36.976	62.095	2608	1.525	62.095	0.948
203	16.680	26.069	1877	1.111	28.286	18.548	779	1.217	18.548	1.096	15.500	651	1.256	15.500	18.548	779	1.217	18.548	0.969	28.286	1188	1.205	28.286	53.119	2231	1.288	53.119	1.069
204	17.333	24.211	2179	0.993	25.881	11.214	471.000	0.733	11.214	0.738	13.143	552	1.053	13.143	11.214	471.000	0.733	11.214	0.696	25.881	1087	1.061	25.881	69.429	2916	1.590	69.429	1.498
205	17.013	19.506	1502	0.791	16.976	13	546	0.828	13	1.046	13.548	569	1.076	13.548	13	546	0.828	13	0.770	16.976	713.000	0.689	16.976	65.952	2770	1.511	65.952	2.194
206	15.015	25.507	1709	1.036	25.905	12.690	533	0.817	12.690	0.789	11.405	479	0.913	11.405	12.690	533	0.817	12.690	0.895	25.905	1088	1.052	25.905	60.095	2524	1.394	60.095	1.325
207	15.723	22.746	1615	0.939	27.667	11.381	478	0.741	11.381	0.788	12.833	539	1.035	12.833	11.381	478	0.741	11.381	0.716	27.667	1162	1.143	27.667	62.548	2627	1.451	62.548	1.270
208	16.720	20.467	1535.000	0.854	27.905	10.143	426	0.665	10.143	0.779	11.262	473.000	0.912	11.262	10.143	426	0.665	10.143	0.729	27.905	1172	1.165	27.905	57.071	2397	1.337	57.071	1.148
209	14.036	23.648	1679.000	0.969	26.405	15.214	639	0.994	15.214	1.026	6.571	276	0.533	6.571	15.214	639	0.994	15.214	1.863	26.405	1109	1.082	26.405	56.452	2371	1.315	56.452	1.216
210	15.180	30.100	2408	1.248	28.524	14.214	597	0.922	14.214	0.739	14.714	618	1.182	14.714	14.214	597	0.922	14.214	0.780	28.524	1198	1.183	28.524	48	2016	1.122	48	0.948
211	15.766	30.693	2302	1.291	28.405	16.310	685	1.100	16.310	0.852	9.524	400	0.782	9.524	16.310	685	1.100	16.310	1.406	28.405	1193	1.194	28.405	64.643	2715	1.500	64.643	1.256
212	18.260	24.472	2178	1.060	22.905	10.929	459	0.750	10.929	0.708	14.524	610	1.210	14.524	10.929	459	0.750	10.929	0.620	22.905	962	0.992	22.905	51.238	2152	1.179	51.238	1.188
213	16.221	27.707	2078	1.275	34.667	12.690	533	0.897	12.690	0.703	12.667	532	1.086	12.667	12.690	533	0.897	12.690	0.825	34.667	1456	1.595	34.667	58.071	2439	1.333	58.071	0.836
214	15.951	29.291	2314	1.398	25.238	13	546	0.944	13	0.675	10.881	457	0.950	10.881	13	546	0.944	13	0.994	25.238	1060	1.205	25.238	51.310	2155	1.176	51.310	0.976
215	13.992	29.102	1717	1.424	32.714	17.786	747	1.323	17.786	0.930	9.571	402	0.851	9.571	17.786	747	1.323	17.786	1.555	32.714	1374	1.600	32.714	58.333	2450	1.362	58.333	0.851
216	14.472	19.015	1255	0.985	25.500	14.667	616	1.153	14.667	1.171	11.929	501	1.089	11.929	14.667	616	1.153	14.667	1.059	25.500	1071	1.321	25.500	52.048	2186	1.328	52.048	1.005
217	18.151	22.756	1866.000	1.146	21.381	13.810	580	1.050	13.810	0.917	12.405	521	1.108	12.405	13.810	580	1.050	13.810	0.948	21.381	898	1.076	21.381	58.381	2452	1.372	58.381	1.274
218	17.013	24.221	1865	1.253	26.667	15.667	658	1.230	15.667	0.982	9.571	402	0.873	9.571	15.667	658	1.230	15.667	1.408	26.667	1120	1.379	26.667	53.476	2246	1.277	53.476	0.926
219	21.975	18.742	1818	1.004	16.714	11.095	466	0.891	11.095	0.887	11.762	494.000	1.090	11.762	11.095	466	0.891	11.095	0.817	16.714	702	0.896	16.714	50	2100	1.286	50	1.435
220	20.723	29.964	2487	1.543	22.333	11.524	484	0.888	11.524	0.576	12.381	520	1.118	12.381	11.524	484	0.888	11.524	0.795	22.333	938	1.150	22.333	59.357	2493	1.421	59.357	1.235
221	19.047	26.621	2316	1.339	29.619	11.310	475	0.848	11.310	0.633	14.786	621	1.314	14.786	11.310	475	0.848	11.310	0.645	29.619	1244	1.490	29.619	57.119	2399	1.319	57.119	0.885
222	21.499	22.577	2190	1.154	20.143	11.571	486	0.884	11.571	0.766	11.214	471.000	1.017	11.214	11.571	486	0.884	11.571	0.869	20.143	846	1.030	20.143	51.762	2174	1.185	51.762	1.150
223	23.900	17.065	1843.000	0.897	22.690	11.762	494.000	0.913	11.762	1.018	11.238	472.000	1.017	11.238	11.762	494.000	0.913	11.762	0.898	22.690	953	1.192	22.690	62	2604	1.419	62	1.190
224	16.087	25.575	2046	1.361	24.310	12.762	536	0.995	12.762	0.731	9.571	402	0.878	9.571	12.762	536	0.995	12.762	1.133	24.310	1021	1.294	24.310	53.238	2236	1.225	53.238	0.946
225	18.696	24.511	2304	1.321	16.119	9.976	419	0.785	9.976	0.594	7.690	323	0.708	7.690	9.976	419	0.785	9.976	1.109	16.119	677	0.869	16.119	54.119	2273	1.255	54.119	1.444
226	19.768	20.869	2066	1.103	22.595	11.286	474.000	0.881	11.286	0.799	9.262	389.000	0.842	9.262	11.286	474.000	0.881	11.286	1.046	22.595	949	1.194	22.595	56.119	2357	1.282	56.119	1.074
227	18.012	15.160	1228	0.821	19.333	10.286	432.000	0.817	10.286	0.994	9.452	397	0.872	9.452	10.286	432.000	0.817	10.286	0.936	19.333	812	1.048	19.333	55.524	2332	1.279	55.524	1.221
228	21.669	22.343	2212	1.214	17.143	13.190	554	1.040	13.190	0.857	13.810	580	1.272	13.810	13.190	554	1.040	13.190	0.817	17.143	720	0.931	17.143	49.857	2094	1.151	49.857	1.236
229	25.109	20.432	2554	1.136	18	14.976	629	1.200	14.976	1.056	15.524	652	1.451	15.524	14.976	629	1.200	14.976	0.827	18	756	1.001	18	52.714	2214	1.224	52.714	1.222
230	18.714	17.585	1442	1.035	24.452	17.024	715.000	1.411	17.024	1.363	12.143	510	1.160	12.143	17.024	715.000	1.411	17.024	1.216	24.452	1027	1.439	24.452	45.024	1891	1.062	45.024	0.738
231	21.357	24.087	2505	1.394	35.024	6.738	283	0.551	6.738	0.395	11.857	498	1.121	11.857	6.738	283	0.551	6.738	0.492	35.024	1471	2.027	35.024	64.095	2692.000	1.500	64.095	0.740
232	17.667	18.811	1693	1.099	20.024	18.833	791	1.542	18.833	1.404	9.095	382	0.862	9.095	18.833	791	1.542	18.833	1.789	20.024	841.000	1.169	20.024	73.048	3068	1.700	73.048	1.453
233	20.011	21.500	1935	1.264	34.048	11.762	494.000	0.976	11.762	0.772	10.214	429.000	0.973	10.214	11.762	494.000	0.976	11.762	1.002	34.048	1430.000	2.001	34.048	61.643	2589	1.464	61.643	0.732
234	22.689	19.412	2213	1.127	21.810	12.190	512	1.000	12.190	0.887	16.429	690.000	1.567	16.429	12.190	512	1.000	12.190	0.638	21.810	916	1.266	21.810	50.119	2105	1.177	50.119	0.930
235	23.290	14.487	1666	0.848	17.119	9.429	396	0.779	9.429	0.918	10.476	440	0.996	10.476	9.429	396	0.779	9.429	0.782	17.119	719	1.002	17.119	55.333	2324	1.313	55.333	1.310
236	21.375	19.053	1791	1.118	21.095	11.024	463	0.905	11.024	0.810	12.143	510	1.149	12.143	11.024	463	0.905	11.024	0.788	21.095	886	1.238	21.095	67.357	2829	1.575	67.357	1.272
237	20.333	20.310	2031.000	1.208	17.381	8.167	343	0.672	8.167	0.557	12	504	1.146	12	8.167	343	0.672	8.167	0.587	17.381	730	1.034	17.381	69.452	2917	1.659	69.452	1.605
238	19.143	17.649	1712.000	1.054	22.976	11.405	479	0.946	11.405	0.898	7.857	330	0.754	7.857	11.405	479	0.946	11.405	1.255	22.976	965.000	1.372	22.976	57.714	2424	1.369	57.714	0.998
239	17.679	22.022	1982	1.340	24.286	10.619	446	0.892	10.619	0.666	8.357	351	0.807	8.357	10.619	446	0.892	10.619	1.105	24.286	1020	1.478	24.286	53.810	2260	1.274	53.810	0.862
240	20.044	16.689	1502	1.020	18.619	11.310	475	0.947	11.310	0.928	15.119	635	1.458	15.119	11.310	475	0.947	11.310	0.649	18.619	782	1.138	18.619	43.214	1815	1.019	43.214	0.895
