Frame	Mem Length	A-CatApicalMean	A-CatApicalSum	A-CatApicalNorm	A-CatApicalVertices	ActinApicalMean	ActinApicalSum	ActinApicalNorm	ActinApicalVertices	ApicalRatio	A-CatMedialMean	A-CatMedialSum	A-CatMedialNorm	A-CatMedialVertices	ActinMedialMean	ActinMedialSum	ActinMedialNorm	ActinMedialVertices	MedialRatio	A-CatBasalMean	A-CatBasalSum	A-CatBasalNorm	A-CatBasalVertices	ActinBasalMean	ActinBasalSum	ActinBasalNorm	ActinBasalVertices	BasalRatio
1	8.857	46.190	1940	2.366	53.381	54.548	2291	2.068	54.548	0.874	53.381	2242	2.735	53.381	54.548	2291	2.068	54.548	0.756	95.286	4002.000	2.463	95.286	37.524	1576	0.858	37.524	0.348
2	11.279	37.593	2030.000	1.967	36.381	45.405	1907	1.774	45.405	0.902	36.381	1528	1.903	36.381	45.405	1907	1.774	45.405	0.932	79.214	3327.000	2.074	79.214	51.333	2156	1.175	51.333	0.567
3	13.321	37.873	2386	2.004	28.357	46.286	1944	1.841	46.286	0.919	28.357	1191	1.500	28.357	46.286	1944	1.841	46.286	1.227	86.619	3638	2.271	86.619	39.071	1641	0.896	39.071	0.395
4	11.096	46.315	2501	2.322	37.452	41.810	1756	1.558	41.810	0.671	37.452	1573.000	1.878	37.452	41.810	1756	1.558	41.810	0.830	77.905	3272.000	1.997	77.905	28.905	1214	0.671	28.905	0.336
5	11.040	39.803	2428	2.039	47.405	39.381	1654	1.515	39.381	0.743	47.405	1991	2.429	47.405	39.381	1654	1.515	39.381	0.624	76.262	3203	1.974	76.262	32.452	1363.000	0.750	32.452	0.380
6	11.324	28.625	1832	1.508	25.048	38.524	1618	1.530	38.524	1.014	25.048	1052	1.320	25.048	38.524	1618	1.530	38.524	1.159	81.976	3443	2.136	81.976	37.595	1579	0.877	37.595	0.410
7	12.693	39.062	2539	1.980	30.810	36.310	1525	1.395	36.310	0.705	30.810	1294	1.562	30.810	36.310	1525	1.395	36.310	0.894	88.381	3712	2.279	88.381	39	1638	0.911	39	0.400
8	12.078	24	1608	1.272	19.762	29.786	1251	1.201	29.786	0.945	19.762	830	1.047	19.762	29.786	1251	1.201	29.786	1.147	71.905	3020.000	1.877	71.905	30.929	1299	0.719	30.929	0.383
9	14.162	31.208	2247	1.695	21.262	33.238	1396	1.370	33.238	0.808	21.262	893	1.155	21.262	33.238	1396	1.370	33.238	1.186	70.381	2956	1.850	70.381	37.167	1561	0.866	37.167	0.468
10	12.693	25.210	1563	1.377	34.881	30	1260	1.236	30	0.898	34.881	1465	1.905	34.881	30	1260	1.236	30	0.649	65.786	2763.000	1.759	65.786	31.119	1307	0.725	31.119	0.412
11	10.462	33.118	1689	1.748	30.524	42.810	1798	1.691	42.810	0.967	30.524	1282	1.612	30.524	42.810	1798	1.691	42.810	1.049	75.238	3160	1.985	75.238	29.333	1232	0.680	29.333	0.343
12	9.393	23.520	1176	1.323	22.714	32.619	1370	1.388	32.619	1.049	22.714	954	1.278	22.714	32.619	1370	1.388	32.619	1.086	70.929	2979	1.905	70.929	40.262	1691	0.932	40.262	0.489
13	10.225	24.981	1324	1.453	22.833	26.119	1097	1.153	26.119	0.793	22.833	959	1.328	22.833	26.119	1097	1.153	26.119	0.868	69.048	2900	1.884	69.048	40.429	1698	0.939	40.429	0.498
14	11.595	32.579	1857.000	1.854	29.190	29.048	1220	1.256	29.048	0.677	29.190	1226	1.662	29.190	29.048	1220	1.256	29.048	0.756	75.929	3189	2.078	75.929	40	1680	0.935	40	0.450
15	12.530	27.060	1813	1.503	28.262	32.381	1360	1.360	32.381	0.905	28.262	1187	1.569	28.262	32.381	1360	1.360	32.381	0.866	95.857	4026	2.601	95.857	36.952	1552.000	0.868	36.952	0.333
16	15.092	27.934	2123	1.512	26.143	25.071	1053	1.032	25.071	0.682	26.143	1098	1.415	26.143	25.071	1053	1.032	25.071	0.729	72.357	3039	1.960	72.357	40.595	1705	0.962	40.595	0.491
17	14.020	19.625	1413	1.128	20.500	24.690	1037	1.087	24.690	0.963	20.500	861	1.179	20.500	24.690	1037	1.087	24.690	0.922	75.214	3159.000	2.088	75.214	39.452	1657.000	0.932	39.452	0.446
18	12.225	21.754	1327	1.249	23.357	18.810	790	0.823	18.810	0.659	23.357	981	1.341	23.357	18.810	790	0.823	18.810	0.614	72.262	3035	2.011	72.262	44.476	1868	1.052	44.476	0.523
19	12.649	26.156	1674	1.472	22.857	23.333	980	0.989	23.333	0.672	22.857	960	1.286	22.857	23.333	980	0.989	23.333	0.769	59.286	2490	1.634	59.286	37.857	1590.000	0.897	37.857	0.549
20	10.440	25.472	1350	1.465	18.024	24.905	1046	1.099	24.905	0.750	18.024	757.000	1.037	18.024	24.905	1046	1.099	24.905	1.060	74.048	3110	2.066	74.048	38	1596	0.901	38	0.436
21	10.154	28.091	1236	1.648	28.786	24.571	1032	1.089	24.571	0.660	28.786	1209	1.689	28.786	24.571	1032	1.089	24.571	0.644	72.881	3061	2.057	72.881	44.048	1850.000	1.037	44.048	0.504
22	9.843	24.278	1311	1.420	26.310	27.190	1142	1.223	27.190	0.861	26.310	1105	1.539	26.310	27.190	1142	1.223	27.190	0.795	83.357	3501	2.352	83.357	44.262	1859	1.051	44.262	0.447
23	12.875	24.943	1746	1.453	26.667	36.429	1530	1.625	36.429	1.119	26.667	1120	1.553	26.667	36.429	1530	1.625	36.429	1.046	86.071	3615	2.431	86.071	44.095	1852	1.052	44.095	0.433
24	12.134	31.794	2003	1.818	21.214	29.286	1230	1.277	29.286	0.702	21.214	891	1.213	21.214	29.286	1230	1.277	29.286	1.052	70.024	2941	1.970	70.024	43.738	1837	1.046	43.738	0.531
25	9.804	21.460	1073	1.304	19.690	28.286	1188	1.334	28.286	1.023	19.690	827	1.196	19.690	28.286	1188	1.334	28.286	1.115	66.310	2785	1.909	66.310	51.952	2182	1.240	51.952	0.650
26	10.734	23.388	1146	1.458	17.714	24.667	1036	1.188	24.667	0.815	17.714	744	1.104	17.714	24.667	1036	1.188	24.667	1.076	64.095	2692.000	1.887	64.095	55.262	2321	1.320	55.262	0.700
27	12.824	13.685	999	0.809	15.905	21.500	903	0.975	21.500	1.204	15.905	668	0.941	15.905	21.500	903	0.975	21.500	1.036	61.048	2564	1.749	61.048	54.333	2282	1.304	54.333	0.745
28	12.134	17.034	988	1.023	21.238	27.429	1152	1.275	27.429	1.246	21.238	892	1.276	21.238	27.429	1152	1.275	27.429	0.999	58.857	2472	1.709	58.857	55.738	2341	1.343	55.738	0.786
29	9.718	15.787	742	0.971	18.286	24.976	1049	1.195	24.976	1.231	18.286	768	1.125	18.286	24.976	1049	1.195	24.976	1.063	83.405	3503.000	2.491	83.405	46.476	1952	1.113	46.476	0.447
30	10.593	26.840	1342	1.613	29.119	25.190	1058	1.168	25.190	0.724	29.119	1223	1.750	29.119	25.190	1058	1.168	25.190	0.667	68.595	2881.000	2.018	68.595	54.619	2294	1.318	54.619	0.653
31	11.780	24.800	1612	1.486	19.238	20.238	850	0.936	20.238	0.630	19.238	808	1.153	19.238	20.238	850	0.936	20.238	0.812	69.167	2905	2.016	69.167	41.143	1728.000	0.991	41.143	0.491
32	10.588	19.412	990.000	1.198	18.738	25	1050	1.201	25	1.002	18.738	787	1.157	18.738	25	1050	1.201	25	1.038	69	2898	2.018	69	40.833	1715	0.983	40.833	0.487
33	13.569	16.097	1159	1.036	18.881	18.048	758	0.899	18.048	0.868	18.881	793	1.215	18.881	18.048	758	0.899	18.048	0.740	56	2352	1.687	56	36.857	1548.000	0.880	36.857	0.522
34	10.541	12.082	592	0.758	16.500	19.310	811	0.922	19.310	1.217	16.500	693	1.035	16.500	19.310	811	0.922	19.310	0.891	48.571	2040	1.440	48.571	37.167	1561	0.893	37.167	0.620
35	13.569	11.347	817	0.748	13.833	16.833	707	0.860	16.833	1.149	13.833	581	0.912	13.833	16.833	707	0.860	16.833	0.943	46.738	1963	1.421	46.738	37.286	1566	0.892	37.286	0.627
36	14.020	13.338	987	0.869	14.690	10.333	434	0.520	10.333	0.598	14.690	617	0.958	14.690	10.333	434	0.520	10.333	0.543	41.905	1760	1.261	41.905	36.833	1547	0.888	36.833	0.704
37	11.949	21.268	1191	1.419	21.452	14.595	613	0.762	14.595	0.537	21.452	901	1.432	21.452	14.595	613	0.762	14.595	0.532	45.905	1928	1.413	45.905	43.095	1810	1.029	43.095	0.728
38	12.120	17.569	1019.000	1.171	19.881	17.095	718	0.891	17.095	0.761	19.881	835	1.325	19.881	17.095	718	0.891	17.095	0.672	50.024	2101	1.553	50.024	48.119	2021	1.148	48.119	0.739
39	10.734	16.745	921	1.130	24.524	17.619	740	0.926	17.619	0.820	24.524	1030	1.655	24.524	17.619	740	0.926	17.619	0.560	50.476	2120	1.578	50.476	42.857	1800.000	1.022	42.857	0.648
40	11.513	26.034	1510	1.796	27.238	16.619	698	0.909	16.619	0.506	27.238	1144	1.879	27.238	16.619	698	0.909	16.619	0.484	56.119	2357	1.791	56.119	51.095	2146	1.211	51.095	0.676
41	9.410	20.774	1101	1.423	16.833	18.381	772	0.989	18.381	0.695	16.833	707	1.153	16.833	18.381	772	0.989	18.381	0.858	49.190	2066	1.560	49.190	39.833	1673	0.948	39.833	0.607
42	8.800	28.116	1209	1.889	19.857	19.595	823	1.038	19.595	0.550	19.857	834	1.334	19.857	19.595	823	1.038	19.595	0.778	52.262	2195	1.636	52.262	47.071	1977	1.128	47.071	0.689
43	9.849	17.114	753	1.170	15.452	23.762	998	1.290	23.762	1.102	15.452	649	1.056	15.452	23.762	998	1.290	23.762	1.221	50.786	2133	1.599	50.786	38.095	1600	0.914	38.095	0.572
44	10.290	26.714	1309	1.774	19.024	20.548	863	1.063	20.548	0.600	19.024	799.000	1.263	19.024	20.548	863	1.063	20.548	0.842	69.167	2905	2.114	69.167	35.738	1501	0.859	35.738	0.406
45	8.544	16.196	745	1.156	17.667	21.857	918	1.250	21.857	1.082	17.667	742	1.260	17.667	21.857	918	1.250	21.857	0.992	47.571	1998	1.569	47.571	46.119	1937	1.104	46.119	0.704
46	8.353	15.925	637	1.128	13.048	21.024	883.000	1.196	21.024	1.060	13.048	548	0.924	13.048	21.024	883.000	1.196	21.024	1.294	53.095	2230	1.752	53.095	42.929	1803	1.028	42.929	0.587
47	7.601	17.841	785	1.256	15.286	25.452	1069	1.423	25.452	1.133	15.286	642	1.076	15.286	25.452	1069	1.423	25.452	1.323	84.714	3558.000	2.769	84.714	43.452	1825.000	1.038	43.452	0.375
48	7.902	15.789	600	1.130	16.333	21.143	888	1.192	21.143	1.055	16.333	686	1.169	16.333	21.143	888	1.192	21.143	1.020	47.762	2006	1.588	47.762	50.024	2101	1.183	50.024	0.745
49	7.157	18.833	678	1.382	15.405	18.571	780.000	1.100	18.571	0.796	15.405	647	1.130	15.405	18.571	780.000	1.100	18.571	0.973	55.238	2320	1.895	55.238	49.857	2094	1.178	49.857	0.622
50	7.803	16.415	673	1.191	14.857	16.286	684	0.947	16.286	0.795	14.857	624	1.078	14.857	16.286	684	0.947	16.286	0.878	55.048	2312	1.858	55.048	39.881	1675	0.945	39.881	0.509
51	10.225	14.981	809	1.122	15.857	17.286	726	1.065	17.286	0.949	15.857	666	1.188	15.857	17.286	726	1.065	17.286	0.897	43.024	1807	1.546	43.024	36.690	1541	0.967	36.690	0.626
52	10.651	10.269	534	0.794	12.167	15.881	667	1.024	15.881	1.290	12.167	511	0.941	12.167	15.881	667	1.024	15.881	1.089	46.286	1944	1.739	46.286	42.548	1787.000	1.150	42.548	0.661
53	13.618	14.500	899	1.076	14.095	19.286	810	1.181	19.286	1.098	14.095	592	1.046	14.095	19.286	810	1.181	19.286	1.129	54.357	2283	1.941	54.357	43.357	1821.000	1.161	43.357	0.598
54	13.421	18.591	1227	1.421	12.190	15.024	631	0.954	15.024	0.671	12.190	512	0.932	12.190	15.024	631	0.954	15.024	1.024	40.833	1715	1.481	40.833	34.095	1432	0.915	34.095	0.618
55	12.083	9.969	648	0.763	8.643	14.714	618	0.935	14.714	1.226	8.643	363	0.661	8.643	14.714	618	0.935	14.714	1.414	41.738	1753	1.555	41.738	30.857	1296	0.844	30.857	0.543
56	12.867	15.286	963	1.157	19.786	16.595	697	1.028	16.595	0.888	19.786	831	1.498	19.786	16.595	697	1.028	16.595	0.686	53.048	2228	1.946	53.048	22.286	936	0.614	22.286	0.316
57	9.707	20.638	970.000	1.541	20.190	15.381	646	0.945	15.381	0.613	20.190	848	1.507	20.190	15.381	646	0.945	15.381	0.627	41.929	1761	1.502	41.929	39.452	1657.000	1.092	39.452	0.727
58	9.487	15.941	813	1.159	19.429	20.595	865	1.219	20.595	1.052	19.429	816.000	1.413	19.429	20.595	865	1.219	20.595	0.863	69.357	2913	2.437	69.357	40.690	1709	1.131	40.690	0.464
59	7.520	29.400	1029	2.119	20.667	24.643	1035	1.455	24.643	0.687	20.667	868	1.489	20.667	24.643	1035	1.455	24.643	0.977	64.429	2706	2.218	64.429	35.786	1503	0.970	35.786	0.437
60	8.433	14.171	581	1.053	13.952	16.690	701	1.011	16.690	0.960	13.952	586	1.036	13.952	16.690	701	1.011	16.690	0.975	49.024	2059	1.723	49.024	38.667	1624	0.992	38.667	0.576
61	10.435	15.100	755	1.079	19.952	14.571	612	0.833	14.571	0.772	19.952	838	1.426	19.952	14.571	612	0.833	14.571	0.584	34.262	1439	1.170	34.262	30.143	1266	0.763	30.143	0.652
62	10.225	13.260	663	0.943	19.952	14.667	616	0.834	14.667	0.885	19.952	838	1.418	19.952	14.667	616	0.834	14.667	0.588	34.238	1438	1.146	34.238	32.214	1353	0.811	32.214	0.707
63	9.597	18.224	893.000	1.265	22.024	19.500	819	1.071	19.500	0.847	22.024	925.000	1.528	22.024	19.500	819	1.071	19.500	0.701	39.524	1660	1.292	39.524	28.714	1206	0.722	28.714	0.559
64	8.825	15.575	623	1.089	12.048	18.881	793	1.048	18.881	0.962	12.048	506	0.842	12.048	18.881	793	1.048	18.881	1.244	51.143	2148	1.672	51.143	35.571	1494	0.890	35.571	0.532
65	7.696	22.622	837	1.562	19.690	28.476	1196	1.546	28.476	0.990	19.690	827	1.359	19.690	28.476	1196	1.546	28.476	1.137	51.595	2167	1.646	51.595	45.214	1899	1.122	45.214	0.682
66	10.339	15.642	829	1.058	14.738	26.595	1117	1.426	26.595	1.348	14.738	619	0.997	14.738	26.595	1117	1.426	26.595	1.431	45.595	1915	1.446	45.595	35.524	1492	0.877	35.524	0.606
67	11.035	17.259	932	1.156	21.810	26.095	1096	1.389	26.095	1.202	21.810	916	1.461	21.810	26.095	1096	1.389	26.095	0.951	41.071	1725	1.293	41.071	37.833	1589	0.940	37.833	0.727
68	11.279	20.444	1104	1.434	21.762	21.500	903	1.202	21.500	0.839	21.762	914	1.526	21.762	21.500	903	1.202	21.500	0.788	49.786	2091	1.622	49.786	37.262	1565	0.912	37.262	0.562
69	10.154	16.636	732	1.152	12.619	23.857	1002	1.303	23.857	1.131	12.619	530	0.874	12.619	23.857	1002	1.303	23.857	1.491	63.786	2679	2.062	63.786	36.476	1532	0.896	36.476	0.435
70	10.154	10.879	631	0.762	15.976	20.310	853	1.143	20.310	1.500	15.976	671	1.119	15.976	20.310	853	1.143	20.310	1.021	42.024	1765	1.389	42.024	37.714	1584	0.931	37.714	0.670
71	9.690	17.469	856	1.241	16.024	19.214	807	1.097	19.214	0.884	16.024	673.000	1.138	16.024	19.214	807	1.097	19.214	0.963	33.571	1410	1.114	33.571	43.381	1822	1.065	43.381	0.956
72	8.055	16.317	669	1.176	17.262	17.857	750	1.034	17.857	0.879	17.262	725	1.245	17.262	17.857	750	1.034	17.857	0.831	31.238	1312	1.072	31.238	41.857	1758.000	1.063	41.857	0.991
73	9.843	20.204	990	1.458	17.548	24.619	1034	1.434	24.619	0.984	17.548	737	1.266	17.548	24.619	1034	1.434	24.619	1.133	41.595	1747	1.420	41.595	42.262	1775	1.046	42.262	0.737
74	8.433	22.209	955.000	1.596	14.357	18.333	770	1.060	18.333	0.664	14.357	603	1.032	14.357	18.333	770	1.060	18.333	1.027	48.476	2036	1.633	48.476	38.976	1637	0.967	38.976	0.592
75	8.944	11.938	573	0.882	15.857	16.762	704	1.011	16.762	1.145	15.857	666	1.172	15.857	16.762	704	1.011	16.762	0.862	44.333	1862	1.558	44.333	33.833	1421	0.849	33.833	0.545
76	9.849	13.045	574	0.968	13.548	16.690	701	1.023	16.690	1.057	13.548	569	1.005	13.548	16.690	701	1.023	16.690	1.018	41.357	1737.000	1.470	41.357	29.976	1259	0.778	29.976	0.529
77	11.513	14.519	784	1.093	9.595	17.762	746	1.106	17.762	1.012	9.595	403	0.723	9.595	17.762	746	1.106	17.762	1.531	47.048	1976.000	1.665	47.048	32.357	1359.000	0.815	32.357	0.489
78	9.849	14.614	643	1.090	17.476	18.429	774.000	1.139	18.429	1.044	17.476	734.000	1.304	17.476	18.429	774.000	1.139	18.429	0.873	49.786	2091	1.777	49.786	40.429	1698	1.001	40.429	0.563
79	9.487	12.375	594	0.957	10.786	12.190	512	0.787	12.190	0.822	10.786	453.000	0.834	10.786	12.190	512	0.787	12.190	0.943	40.238	1690	1.469	40.238	54.619	2294	1.333	54.619	0.908
80	10.541	15.755	835	1.171	13.786	16.810	706	1.026	16.810	0.877	13.786	579	1.024	13.786	16.810	706	1.026	16.810	1.002	51.500	2163	1.811	51.500	61.905	2600	1.518	61.905	0.839
81	10.339	48.810	2831	1.750	38.857	10.833	455	0.675	10.833	0.386	14.167	595	1.068	14.167	10.833	455	0.675	10.833	0.632	38.857	1632.000	1.393	38.857	53.143	2232	1.304	53.143	0.936
82	13.271	39.958	2877	1.411	45.357	23.286	978	1.420	23.286	1.006	21.476	902.000	1.594	21.476	23.286	978	1.420	23.286	0.890	45.357	1905.000	1.601	45.357	53.429	2244	1.328	53.429	0.829
83	11.837	48.707	2825	1.644	47.690	23.024	967.000	1.322	23.024	0.804	23.857	1002	1.690	23.857	23.024	967.000	1.322	23.024	0.782	47.690	2003	1.610	47.690	61.976	2603	1.540	61.976	0.957
84	12.693	45.862	2981	1.573	57.500	19.500	819	1.159	19.500	0.737	19.571	822.000	1.421	19.571	19.500	819	1.159	19.500	0.816	57.500	2415	1.972	57.500	70.452	2959	1.753	70.452	0.889
85	11.705	13.762	867	0.984	13.500	18.048	758	1.048	18.048	1.064	13.500	567	0.965	13.500	18.048	758	1.048	18.048	1.085	44.643	1875.000	1.526	44.643	41.143	1728.000	1.029	41.143	0.674
86	8.498	19.767	850	1.402	14.143	21.119	887	1.206	21.119	0.860	14.143	594	1.003	14.143	21.119	887	1.206	21.119	1.202	36.857	1548.000	1.253	36.857	54.476	2288	1.390	54.476	1.109
87	13.715	15.750	945	1.083	16.048	13.214	555	0.727	13.214	0.671	16.048	674	1.103	16.048	13.214	555	0.727	13.214	0.658	54.738	2299	1.788	54.738	42.310	1777	1.067	42.310	0.597
88	9.911	15.627	797	1.066	14.238	24.524	1030	1.327	24.524	1.245	14.238	598	0.971	14.238	24.524	1030	1.327	24.524	1.366	62.500	2625	2.035	62.500	41	1722	1.021	41	0.502
89	11.338	13.638	791	0.935	13.357	18.119	761	0.991	18.119	1.060	13.357	561	0.916	13.357	18.119	761	0.991	18.119	1.082	41.214	1731	1.345	41.214	46.024	1933	1.148	46.024	0.853
90	8.233	18.439	756	1.286	9.643	18.857	792	1.061	18.857	0.825	9.643	405	0.673	9.643	18.857	792	1.061	18.857	1.578	32.048	1346.000	1.074	32.048	32.286	1356	0.803	32.286	0.748
91	6.864	14	532	0.963	11.738	15.476	650	0.847	15.476	0.879	11.738	493.000	0.807	11.738	15.476	650	0.847	15.476	1.048	38.595	1621	1.257	38.595	34.381	1444	0.861	34.381	0.684
92	8.062	12.106	569	0.809	12.167	16.119	677	0.857	16.119	1.059	12.167	511	0.813	12.167	16.119	677	0.857	16.119	1.054	44.214	1857	1.413	44.214	31.310	1315	0.784	31.310	0.555
93	11.205	15.534	901	1.055	19.310	12.786	537	0.693	12.786	0.656	19.310	811	1.311	19.310	12.786	537	0.693	12.786	0.528	39.429	1656	1.275	39.429	34.952	1468.000	0.875	34.952	0.686
94	9.615	13.234	622	0.869	14.452	13.857	582	0.718	13.857	0.827	14.452	607	0.949	14.452	13.857	582	0.718	13.857	0.757	40.905	1718	1.297	40.905	41.524	1744	1.039	41.524	0.801
95	10.462	17.704	956.000	1.151	17.595	14	588	0.717	14	0.622	17.595	739	1.144	17.595	14	588	0.717	14	0.626	47.167	1981	1.472	47.167	42.905	1802	1.077	42.905	0.732
96	9.843	16.981	917	1.092	18.524	21.119	887	1.072	21.119	0.982	18.524	778.000	1.191	18.524	21.119	887	1.072	21.119	0.900	52.238	2194	1.615	52.238	47.214	1983	1.185	47.214	0.734
97	7.616	15.049	617	0.972	14.929	19	798	0.969	19	0.997	14.929	627	0.964	14.929	19	798	0.969	19	1.005	48.762	2048	1.519	48.762	55.810	2344	1.401	55.810	0.922
98	8.667	14.391	662	0.952	14.167	18.238	766	0.961	18.238	1.009	14.167	595	0.937	14.167	18.238	766	0.961	18.238	1.025	55.524	2332	1.753	55.524	40.762	1712	1.022	40.762	0.583
99	10.593	18.340	972.000	1.194	20.595	17.738	745	0.915	17.738	0.766	20.595	865	1.341	20.595	17.738	745	0.915	17.738	0.682	46	1932	1.457	46	41.786	1755	1.066	41.786	0.731
100	7.923	18.902	775	1.178	17.262	16.667	700	0.813	16.667	0.690	17.262	725	1.076	17.262	16.667	700	0.813	16.667	0.755	48.929	2055	1.480	48.929	48.833	2051	1.232	48.833	0.833
101	10.339	22.391	1030	1.385	18.452	24.143	1014	1.161	24.143	0.838	18.452	775	1.141	18.452	24.143	1014	1.161	24.143	1.017	41.738	1753	1.247	41.738	52.024	2185	1.322	52.024	1.060
102	8.975	15.044	677	0.914	16.286	28.048	1178	1.331	28.048	1.455	16.286	684	0.990	16.286	28.048	1178	1.331	28.048	1.345	57.452	2413	1.708	57.452	49.690	2087	1.261	49.690	0.738
103	6.749	16.179	631	0.995	14.500	24.405	1025	1.181	24.405	1.187	14.500	609	0.892	14.500	24.405	1025	1.181	24.405	1.324	53.190	2234	1.587	53.190	46.643	1959.000	1.181	46.643	0.744
104	8.544	18.947	720	1.210	20.405	21.786	915	1.089	21.786	0.900	20.405	857	1.303	20.405	21.786	915	1.089	21.786	0.836	48.738	2047	1.493	48.738	39.167	1645	0.986	39.167	0.661
105	7.923	19.732	809	1.252	15.333	21.476	902.000	1.066	21.476	0.852	15.333	644	0.973	15.333	21.476	902.000	1.066	21.476	1.096	47.833	2009	1.470	47.833	44.071	1851	1.109	44.071	0.755
106	7.280	29.967	899	1.831	22.595	21.476	902.000	1.030	21.476	0.562	22.595	949	1.381	22.595	21.476	902.000	1.030	21.476	0.746	53.571	2250	1.606	53.571	37.881	1591	0.955	37.881	0.595
107	6.960	18.243	675	1.134	20.857	20.619	866	1.007	20.619	0.888	20.857	876	1.297	20.857	20.619	866	1.007	20.619	0.777	65.119	2735	1.993	65.119	29.071	1221	0.734	29.071	0.368
108	6.642	27.147	923	1.672	22.214	27.476	1154	1.314	27.476	0.785	22.214	933	1.369	22.214	27.476	1154	1.314	27.476	0.960	74.619	3134	2.244	74.619	41.643	1749.000	1.053	41.643	0.469
109	8.055	24.326	1046	1.492	27.786	30.667	1288	1.462	30.667	0.980	27.786	1167	1.704	27.786	30.667	1288	1.462	30.667	0.858	65.190	2738	1.959	65.190	40.833	1715	1.035	40.833	0.528
110	7.180	21.595	799.000	1.359	19.167	25.500	1071	1.240	25.500	0.913	19.167	805	1.206	19.167	25.500	1071	1.240	25.500	1.029	47.929	2013	1.459	47.929	44.857	1884.000	1.128	44.857	0.773
111	8.233	19.171	786	1.194	26.524	24.857	1044	1.199	24.857	1.004	26.524	1114	1.652	26.524	24.857	1044	1.199	24.857	0.726	69.810	2932	2.131	69.810	48.119	2021	1.245	48.119	0.584
112	12.526	23.554	1531	1.413	27.071	28.048	1178	1.294	28.048	0.916	27.071	1137	1.624	27.071	28.048	1178	1.294	28.048	0.797	54.929	2307	1.616	54.929	36.571	1536	0.927	36.571	0.574
113	10.028	19.038	990.000	1.164	25.286	24.095	1012	1.145	24.095	0.984	25.286	1062	1.546	25.286	24.095	1012	1.145	24.095	0.741	60.524	2542	1.801	60.524	29.833	1253	0.750	29.833	0.417
114	9.597	25.878	1268	1.563	29.333	22.476	944.000	1.041	22.476	0.666	29.333	1232	1.772	29.333	22.476	944.000	1.041	22.476	0.588	58.238	2446	1.733	58.238	39.952	1678.000	1.003	39.952	0.579
115	8.014	19.784	732	1.137	20.619	20.762	872	0.920	20.762	0.809	20.619	866	1.185	20.619	20.762	872	0.920	20.762	0.776	61.571	2586	1.773	61.571	36.595	1537	0.924	36.595	0.521
116	6.325	23.719	759	1.388	26.952	16.643	699	0.746	16.643	0.538	26.952	1132	1.578	26.952	16.643	699	0.746	16.643	0.473	47.333	1988	1.381	47.333	32.143	1350.000	0.811	32.143	0.588
117	7.846	18.800	658	1.057	18.119	18.833	791	0.805	18.833	0.762	18.119	761	1.019	18.119	18.833	791	0.805	18.833	0.791	46.857	1968.000	1.365	46.857	34.333	1442	0.866	34.333	0.635
118	7.601	11.150	446	0.676	19.548	17.929	753.000	0.834	17.929	1.234	19.548	821	1.186	19.548	17.929	753.000	0.834	17.929	0.704	34.190	1436	1.025	34.190	36.881	1549	0.927	36.881	0.905
119	5.696	25.875	621	1.461	18.524	17.571	738.000	0.755	17.571	0.516	18.524	778.000	1.046	18.524	17.571	738.000	0.755	17.571	0.721	37.714	1584	1.090	37.714	36.833	1547	0.934	36.833	0.857
120	7.180	26.861	967	1.538	30.738	17.810	748	0.775	17.810	0.504	30.738	1291	1.760	30.738	17.810	748	0.775	17.810	0.440	45.024	1891	1.308	45.024	32.571	1368	0.821	32.571	0.628
121	6.083	19.567	587	1.142	23.071	17.548	737	0.773	17.548	0.677	23.071	969.000	1.346	23.071	17.548	737	0.773	17.548	0.574	41.548	1745.000	1.231	41.548	26.905	1130	0.675	26.905	0.548
122	5.907	20.214	566	1.180	21.024	18.667	784	0.831	18.667	0.704	21.024	883.000	1.227	21.024	18.667	784	0.831	18.667	0.677	57.762	2426	1.712	57.762	40.119	1685	1.015	40.119	0.593
123	6.864	21.647	736	1.305	20.976	16.333	686	0.756	16.333	0.580	20.976	881.000	1.264	20.976	16.333	686	0.756	16.333	0.598	49.500	2079	1.502	49.500	49.643	2085	1.255	49.643	0.836
124	8.433	17.239	793	0.999	15.714	23.262	977	1.038	23.262	1.039	15.714	660	0.910	15.714	23.262	977	1.038	23.262	1.140	54.452	2287	1.649	54.452	54.905	2306	1.389	54.905	0.843
125	9.849	13.302	705	0.747	17.929	22.119	929	0.948	22.119	1.269	17.929	753.000	1.007	17.929	22.119	929	0.948	22.119	0.941	49.024	2059	1.455	49.024	47.238	1984	1.190	47.238	0.818
126	9.068	22.771	1093	1.232	22.143	30.381	1276	1.240	30.381	1.006	22.143	930	1.198	22.143	30.381	1276	1.240	30.381	1.035	57.976	2435	1.696	57.976	38.929	1635	0.978	38.929	0.576
127	7.803	18.056	650	1.036	14.929	16.024	673.000	0.695	16.024	0.671	14.929	627	0.856	14.929	16.024	673.000	0.695	16.024	0.812	42.762	1796	1.273	42.762	53.643	2253	1.348	53.643	1.059
128	7.696	19.297	714	1.070	19.095	22.119	929	0.933	22.119	0.871	19.095	802	1.059	19.095	22.119	929	0.933	22.119	0.880	52.905	2222	1.552	52.905	61.714	2592	1.559	61.714	1.004
129	8.544	24.304	1118	1.366	19.571	18.095	760	0.770	18.095	0.564	19.571	822.000	1.100	19.571	18.095	760	0.770	18.095	0.700	43.476	1826	1.278	43.476	50.119	2105	1.263	50.119	0.989
130	9.068	20.071	843.000	1.154	15.214	18.381	772	0.801	18.381	0.695	15.214	639	0.874	15.214	18.381	772	0.801	18.381	0.916	42.286	1776	1.259	42.286	43.881	1843	1.100	43.881	0.873
131	8.975	18.283	841.000	1.053	17.833	19.310	811	0.838	19.310	0.796	17.833	749	1.027	17.833	19.310	811	0.838	19.310	0.816	48.143	2022.000	1.431	48.143	46.619	1958	1.165	46.619	0.814
132	8.433	16.442	707	0.940	15.786	20.857	876	0.903	20.857	0.961	15.786	663	0.903	15.786	20.857	876	0.903	20.857	1.000	31.881	1339	0.938	31.881	33.524	1408	0.834	33.524	0.890
133	8.333	18.333	770	1.017	14.405	16.095	676	0.679	16.095	0.668	14.405	605	0.799	14.405	16.095	676	0.679	16.095	0.850	48.214	2025	1.397	48.214	33.476	1406	0.837	33.476	0.599
134	6.749	19.838	734	1.086	18.381	18.524	778.000	0.776	18.524	0.714	18.381	772	1.007	18.381	18.524	778.000	0.776	18.524	0.771	57.381	2410	1.659	57.381	51.881	2179	1.304	51.881	0.786
135	6.872	29.559	1005	1.642	27.952	22.381	940	0.943	22.381	0.574	27.952	1174	1.553	27.952	22.381	940	0.943	22.381	0.607	37.405	1571	1.109	37.405	44.429	1866	1.111	44.429	1.001
136	7.196	20.189	747	1.121	16.548	28.714	1206	1.206	28.714	1.076	16.548	695	0.919	16.548	28.714	1206	1.206	28.714	1.313	66.524	2794	1.946	66.524	44.762	1880	1.123	44.762	0.577
137	7.379	20.432	756	1.172	19.476	16.595	697	0.726	16.595	0.620	19.476	818.000	1.117	19.476	16.595	697	0.726	16.595	0.650	49.119	2063	1.438	49.119	38.429	1614	0.956	38.429	0.665
138	7.280	19.946	738	1.170	11.524	20.857	876	0.924	20.857	0.790	11.524	484	0.676	11.524	20.857	876	0.924	20.857	1.368	61.262	2573	1.823	61.262	42.786	1797	1.063	42.786	0.583
139	9.871	18.538	964.000	1.095	11.643	16.548	695	0.744	16.548	0.679	11.643	489	0.688	11.643	16.548	695	0.744	16.548	1.081	35.762	1502	1.067	35.762	32.643	1371.000	0.810	32.643	0.759
140	8.062	14.979	704	0.892	12.262	20.429	858.000	0.922	20.429	1.034	12.262	515	0.730	12.262	20.429	858.000	0.922	20.429	1.263	44.524	1870	1.331	44.524	39.381	1654	0.973	39.381	0.731
141	6.009	8.968	278	0.543	14.405	17.833	749	0.818	17.833	1.507	14.405	605	0.872	14.405	17.833	749	0.818	17.833	0.938	42.119	1769	1.287	42.119	45.643	1917.000	1.120	45.643	0.870
142	6.708	20.333	732	1.235	23.667	15.548	653	0.718	15.548	0.582	23.667	994	1.438	23.667	15.548	653	0.718	15.548	0.500	27.310	1147	0.833	27.310	38.643	1623.000	0.951	38.643	1.142
143	5.696	13.250	318	0.799	14.286	20.310	853	0.932	20.310	1.167	14.286	600	0.861	14.286	20.310	853	0.932	20.310	1.082	35.095	1474	1.072	35.095	45.976	1931	1.132	45.976	1.056
144	7.008	24.056	866	1.491	21.190	18.571	780.000	0.882	18.571	0.591	21.190	890	1.314	21.190	18.571	780.000	0.882	18.571	0.671	39.952	1678.000	1.223	39.952	45.976	1931	1.128	45.976	0.923
145	6.708	21.200	636	1.323	17.310	16.452	691	0.785	16.452	0.593	17.310	727	1.080	17.310	16.452	691	0.785	16.452	0.727	34.619	1454	1.074	34.619	48.024	2017	1.174	48.024	1.093
146	5.821	13.963	377	0.861	17.262	15.619	656	0.731	15.619	0.849	17.262	725	1.065	17.262	15.619	656	0.731	15.619	0.686	41.548	1745.000	1.264	41.548	39.548	1661.000	0.970	39.548	0.768
147	6.263	10.607	297	0.655	15.595	16.738	703	0.790	16.738	1.206	15.595	655	0.963	15.595	16.738	703	0.790	16.738	0.820	42.429	1782	1.312	42.429	42.762	1796	1.046	42.762	0.797
148	7.803	18.244	748.000	1.156	16.238	16.857	708	0.825	16.857	0.714	16.238	682	1.029	16.238	16.857	708	0.825	16.857	0.802	40.357	1695.000	1.272	40.357	51.524	2164	1.260	51.524	0.991
149	7.491	19.293	791	1.176	12.833	18.048	758	0.836	18.048	0.711	12.833	539	0.782	12.833	18.048	758	0.836	18.048	1.069	35.667	1498	1.088	35.667	53.095	2230	1.313	53.095	1.206
150	6.749	61.290	1900	1.891	44.857	20.762	872	0.961	20.762	0.508	16.952	712	1.032	16.952	20.762	872	0.961	20.762	0.931	44.857	1884.000	1.384	44.857	46.786	1965	1.144	46.786	0.827
151	7.608	44.894	2110	1.407	39.381	21.190	890	1.016	21.190	0.722	18.786	789	1.175	18.786	21.190	890	1.016	21.190	0.865	39.381	1654	1.234	39.381	55.857	2346	1.359	55.857	1.101
152	9.551	46.870	2531	1.457	43.405	14.952	628	0.695	14.952	0.477	16.048	674	0.985	16.048	14.952	628	0.695	14.952	0.706	43.405	1823	1.349	43.405	45.262	1901	1.099	45.262	0.815
153	8.138	55.455	2440	1.736	56.190	13.476	566	0.654	13.476	0.377	16.571	696.000	1.048	16.571	13.476	566	0.654	13.476	0.624	56.190	2360	1.759	56.190	45.381	1906	1.101	45.381	0.626
154	7.491	20.390	836	1.300	27.310	17.548	737	0.857	17.548	0.659	27.310	1147	1.741	27.310	17.548	737	0.857	17.548	0.492	53.024	2227	1.664	53.024	47.762	2006	1.159	47.762	0.697
155	6.119	10.314	361	0.656	12.333	17.286	726	0.841	17.286	1.282	12.333	518	0.784	12.333	17.286	726	0.841	17.286	1.072	43.762	1838	1.371	43.762	45.571	1914	1.110	45.571	0.810
156	6.412	19.821	773	1.250	13.452	17.119	719	0.820	17.119	0.656	13.452	565	0.849	13.452	17.119	719	0.820	17.119	0.966	39.381	1654	1.225	39.381	46.405	1949	1.127	46.405	0.920
157	11.949	41.086	2383	1.325	48.190	19.190	806	0.967	19.190	0.730	12.333	518	0.809	12.333	19.190	806	0.967	19.190	1.195	48.190	2024	1.554	48.190	55.810	2344	1.354	55.810	0.871
158	9.487	44.146	2119	1.430	43.310	18.786	789	0.940	18.786	0.657	14.143	594	0.923	14.143	18.786	789	0.940	18.786	1.018	43.310	1819	1.403	43.310	47.857	2010.000	1.161	47.857	0.828
159	10.760	30.130	1386	0.979	36.024	17.500	735	0.861	17.500	0.880	10.786	453.000	0.695	10.786	17.500	735	0.861	17.500	1.238	36.024	1513	1.170	36.024	57.810	2428	1.407	57.810	1.203
160	8.667	38.721	1665	1.212	43.714	18.286	768	0.871	18.286	0.719	18.286	768	1.149	18.286	18.286	768	0.871	18.286	0.758	43.714	1836	1.368	43.714	69.857	2934	1.694	69.857	1.238
161	8.544	33.211	1262	1.053	39.262	22.476	944.000	1.101	22.476	1.045	16.929	711.000	1.089	16.929	22.476	944.000	1.101	22.476	1.011	39.262	1649	1.245	39.262	63.643	2673	1.546	63.643	1.242
162	8.055	49.326	2269	1.557	33.214	18.690	785	0.893	18.690	0.574	19.929	837.000	1.258	19.929	18.690	785	0.893	18.690	0.710	33.214	1395	1.048	33.214	51.571	2166	1.254	51.571	1.196
163	8.667	59.349	2552	1.864	45.119	14.357	603	0.687	14.357	0.369	14.333	602	0.903	14.333	14.357	603	0.687	14.357	0.761	45.119	1895	1.417	45.119	46.143	1938.000	1.119	46.143	0.790
164	8.667	31.022	1427	0.998	31.524	16.286	684	0.791	16.286	0.792	13.429	564	0.860	13.429	16.286	684	0.791	16.286	0.920	31.524	1324	1.015	31.524	42.262	1775	1.021	42.262	1.006
165	7.775	23.444	844	0.752	27.929	11.690	491	0.570	11.690	0.758	13.310	559	0.856	13.310	11.690	491	0.570	11.690	0.666	27.929	1173	0.896	27.929	52.667	2212	1.276	52.667	1.424
166	6.566	24.645	764	0.796	27.357	12.500	525	0.619	12.500	0.778	13.881	583	0.899	13.881	12.500	525	0.619	12.500	0.688	27.357	1149	0.883	27.357	50.929	2139	1.231	50.929	1.394
167	7.951	26.650	1066	0.868	38.167	11.476	482	0.583	11.476	0.671	12.667	532	0.841	12.667	11.476	482	0.583	11.476	0.693	38.167	1603	1.243	38.167	58.595	2461	1.420	58.595	1.142
168	7.311	38.146	1564	1.189	46.310	12.238	514	0.573	12.238	0.482	15.738	661	0.974	15.738	12.238	514	0.573	12.238	0.588	46.310	1945	1.443	46.310	56.571	2376	1.370	56.571	0.949
169	6.412	32.171	1126	1.044	39.381	13.286	558	0.662	13.286	0.634	13.286	558	0.867	13.286	13.286	558	0.662	13.286	0.763	39.381	1654	1.278	39.381	51.762	2174	1.248	51.762	0.976
170	7.454	34.282	1337	1.080	40.476	12.048	506	0.575	12.048	0.533	14.667	616	0.921	14.667	12.048	506	0.575	12.048	0.624	40.476	1700	1.275	40.476	50.500	2121	1.220	50.500	0.957
171	10.435	29.545	1625	0.962	34.690	11.833	497	0.605	11.833	0.629	13.024	547	0.872	13.024	11.833	497	0.605	11.833	0.694	34.690	1457	1.129	34.690	44.357	1863.000	1.063	44.357	0.941
172	11.823	30.621	1776	0.970	47.476	14.595	613	0.722	14.595	0.744	13.048	548	0.847	13.048	14.595	613	0.722	14.595	0.852	47.476	1994	1.504	47.476	43.571	1830	1.043	43.571	0.693
173	9.393	33.102	1622	1.065	33.857	16.905	710	0.849	16.905	0.797	22.619	950	1.480	22.619	16.905	710	0.849	16.905	0.574	33.857	1422.000	1.089	33.857	51.690	2171	1.235	51.690	1.134
174	10.355	42.213	1984.000	1.365	49.429	18.952	796	1.001	18.952	0.733	15.429	648	1.052	15.429	18.952	796	1.001	18.952	0.952	49.429	2076	1.598	49.429	54.357	2283	1.295	54.357	0.810
175	14.016	37.031	2370	1.202	35	18.381	772	0.955	18.381	0.795	12.333	518	0.834	12.333	18.381	772	0.955	18.381	1.145	35	1470	1.136	35	47	1974	1.122	47	0.988
176	12.828	32.350	1941	1.012	44.548	24.357	1023	1.204	24.357	1.190	15.667	658	1.010	15.667	24.357	1023	1.204	24.357	1.192	44.548	1871.000	1.394	44.548	66.952	2812	1.608	66.952	1.154
177	11.180	48.600	2916	1.536	51.595	19.929	837.000	1.015	19.929	0.660	15.619	656	1.021	15.619	19.929	837.000	1.015	19.929	0.994	51.595	2167	1.631	51.595	61.405	2579	1.507	61.405	0.924
178	9.718	43.224	2118	1.412	54.500	19.738	829	1.056	19.738	0.748	19.690	827	1.350	19.690	19.738	829	1.056	19.738	0.782	54.500	2289	1.780	54.500	73.833	3101	1.754	73.833	0.986
179	10.154	46.172	2678	1.564	44	18.143	762	0.992	18.143	0.634	11.452	481	0.805	11.452	18.143	762	0.992	18.143	1.233	44	1848	1.491	44	53.262	2237	1.247	53.262	0.837
180	8.433	44.184	1679	1.738	32.381	18.429	774.000	1.173	18.429	0.675	14.762	620	1.147	14.762	18.429	774.000	1.173	18.429	1.023	32.381	1360	1.274	32.381	46.476	1952	1.286	46.476	1.009
181	9.804	45.769	1785	1.565	42.786	17.810	748	0.966	17.810	0.617	13.405	563	0.935	13.405	17.810	748	0.966	17.810	1.034	42.786	1797	1.463	42.786	68.548	2879	1.659	68.548	1.134
182	7.601	39.758	1312	1.357	45.143	16.024	673.000	0.897	16.024	0.661	11.381	478	0.807	11.381	16.024	673.000	0.897	16.024	1.112	45.143	1896.000	1.541	45.143	70.357	2955	1.674	70.357	1.086
183	8.750	34.921	1327	1.218	27.333	12.500	525	0.713	12.500	0.586	19	798	1.377	19	12.500	525	0.713	12.500	0.518	27.333	1148	0.953	27.333	75.952	3190	1.796	75.952	1.884
184	9.068	27.896	1339	1.014	29.571	13.714	576	0.800	13.714	0.789	13.048	548	0.967	13.048	13.714	576	0.800	13.714	0.828	29.571	1242	1.075	29.571	51.571	2166	1.214	51.571	1.129
185	6.872	34.677	1075	1.262	27.619	19.476	818.000	1.149	19.476	0.910	15.048	632	1.126	15.048	19.476	818.000	1.149	19.476	1.020	27.619	1160	1.005	27.619	52.357	2199	1.221	52.357	1.215
186	7.280	42.297	1565	1.547	42.310	19.500	819	1.154	19.500	0.746	16.595	697	1.242	16.595	19.500	819	1.154	19.500	0.929	42.310	1777	1.548	42.310	60.262	2531	1.428	60.262	0.923
187	7.180	35.027	1296	1.269	40.214	14.571	612	0.857	14.571	0.675	15.643	657	1.166	15.643	14.571	612	0.857	14.571	0.735	40.214	1689	1.457	40.214	50.667	2128	1.175	50.667	0.806
188	7.803	46.268	1897	1.671	40.333	11.333	476	0.655	11.333	0.392	19.571	822.000	1.432	19.571	11.333	476	0.655	11.333	0.457	40.333	1694	1.457	40.333	46.333	1946	1.083	46.333	0.744
189	8.975	34.756	1425	1.264	30.667	10.095	424	0.580	10.095	0.459	11.667	490	0.863	11.667	10.095	424	0.580	10.095	0.673	30.667	1288	1.115	30.667	49.976	2099	1.168	49.976	1.047
190	9.410	29.959	1468	1.081	34.071	21.095	886	1.193	21.095	1.104	14.810	622	1.080	14.810	21.095	886	1.193	21.095	1.105	34.071	1431	1.230	34.071	70.643	2967	1.677	70.643	1.364
191	10.339	29.310	1700	1.067	34.738	13.167	553	0.744	13.167	0.698	15.190	638	1.104	15.190	13.167	553	0.744	13.167	0.674	34.738	1459	1.265	34.738	65.071	2733	1.567	65.071	1.239
192	9.393	27.226	1443	1.031	24.667	12.810	538	0.759	12.810	0.736	9.381	394	0.704	9.381	12.810	538	0.759	12.810	1.078	24.667	1036	0.934	24.667	63.238	2656	1.536	63.238	1.645
193	9.104	27.509	1458	1.103	23.810	12.119	509	0.760	12.119	0.689	11.214	471.000	0.875	11.214	12.119	509	0.760	12.119	0.869	23.810	1000	0.954	23.810	64.476	2708	1.591	64.476	1.667
194	5.821	35.033	1051	1.450	31.571	10.476	440	0.681	10.476	0.470	8.405	353	0.666	8.405	10.476	440	0.681	10.476	1.023	31.571	1326	1.306	31.571	66.857	2808	1.727	66.857	1.322
195	12.530	33.500	2077	1.406	23.238	14.405	605	0.946	14.405	0.673	15.262	641	1.230	15.262	14.405	605	0.946	14.405	0.769	23.238	976	0.975	23.238	46.524	1954	1.199	46.524	1.230
196	10.121	20.860	1043	0.880	21.071	10.357	435	0.696	10.357	0.791	13.619	572	1.109	13.619	10.357	435	0.696	10.357	0.627	21.071	885.000	0.889	21.071	59.119	2483	1.532	59.119	1.724
197	11.629	27.623	1685	1.134	25.405	10.881	457	0.709	10.881	0.625	12.976	545	1.040	12.976	10.881	457	0.709	10.881	0.682	25.405	1067	1.043	25.405	51.881	2179	1.311	51.881	1.257
198	7.923	19.804	911	0.826	20.619	12.976	545	0.868	12.976	1.051	10.214	429.000	0.835	10.214	12.976	545	0.868	12.976	1.039	20.619	866	0.860	20.619	52.024	2185	1.318	52.024	1.533
199	10.965	27	1566	1.062	23.690	10.571	444	0.661	10.571	0.622	15.405	647	1.205	15.405	10.571	444	0.661	10.571	0.548	23.690	995	0.932	23.690	43.524	1828	1.005	43.524	1.079
200	7.491	20.730	767	0.905	20.095	11.810	496	0.795	11.810	0.878	10.214	429.000	0.844	10.214	11.810	496	0.795	11.810	0.942	20.095	844	0.877	20.095	39.548	1661.000	0.981	39.548	1.118
201	7.923	27.929	1173	1.142	29.262	13.643	573	0.862	13.643	0.755	14.976	629	1.190	14.976	13.643	573	0.862	13.643	0.725	29.262	1229	1.196	29.262	60.714	2550	1.447	60.714	1.210
202	10.349	18.906	1002	0.823	19.643	11.738	493.000	0.786	11.738	0.955	13.333	560	1.100	13.333	11.738	493.000	0.786	11.738	0.714	19.643	825	0.855	19.643	52.048	2186	1.279	52.048	1.496
203	8.333	17.211	654	0.733	15.095	11.595	487	0.761	11.595	1.037	13.833	581	1.121	13.833	11.595	487	0.761	11.595	0.679	15.095	634	0.643	15.095	52.238	2194	1.267	52.238	1.970
204	7.379	26.278	946	1.078	25.810	12.857	540	0.840	12.857	0.780	9.690	407	0.776	9.690	12.857	540	0.840	12.857	1.082	25.810	1084	1.058	25.810	60.381	2536	1.382	60.381	1.306
205	6.009	23.094	739	0.937	25.476	9.190	386	0.585	9.190	0.625	9.833	413	0.781	9.833	9.190	386	0.585	9.190	0.750	25.476	1070	1.034	25.476	50.881	2137	1.166	50.881	1.128
206	5.099	24.654	641	1.001	25.095	16.238	682	1.045	16.238	1.044	12.786	537	1.023	12.786	16.238	682	1.045	16.238	1.022	25.095	1054	1.019	25.095	59.429	2496	1.378	59.429	1.352
207	8.246	23.068	1015.000	0.953	23.952	12.333	518	0.803	12.333	0.842	13.976	587	1.127	13.976	12.333	518	0.803	12.333	0.712	23.952	1006	0.989	23.952	54.762	2300	1.270	54.762	1.284
208	8.654	14.132	537	0.590	20.881	11	462	0.722	11	1.223	14.976	629	1.213	14.976	11	462	0.722	11	0.595	20.881	877	0.872	20.881	67.405	2831.000	1.579	67.405	1.811
209	10.028	18.653	914	0.764	21.524	13	546	0.849	13	1.111	11.190	470	0.908	11.190	13	546	0.849	13	0.935	21.524	904.000	0.882	21.524	79.952	3358	1.862	79.952	2.112
210	8.014	21	819	0.871	15.976	14.071	591	0.913	14.071	1.049	13.429	564	1.079	13.429	14.071	591	0.913	14.071	0.846	15.976	671	0.662	15.976	68.452	2875	1.600	68.452	2.415
211	9.989	26	1274	1.093	27.619	15.524	652	1.047	15.524	0.958	11.238	472.000	0.923	11.238	15.524	652	1.047	15.524	1.134	27.619	1160	1.161	27.619	53	2226	1.230	53	1.059
212	8.894	38.660	1817	1.674	38.286	16.143	678	1.108	16.143	0.662	12.048	506	1.004	12.048	16.143	678	1.108	16.143	1.103	38.286	1608	1.658	38.286	62.310	2617	1.433	62.310	0.865
213	10.028	31.739	1460	1.460	29.119	12.048	506	0.851	12.048	0.583	15.333	644	1.315	15.333	12.048	506	0.851	12.048	0.647	29.119	1223	1.340	29.119	55.357	2325	1.271	55.357	0.949
214	5.907	33.407	902.000	1.595	30.857	13.690	575	0.994	13.690	0.623	14.762	620	1.289	14.762	13.690	575	0.994	13.690	0.771	30.857	1296	1.473	30.857	62.905	2642	1.442	62.905	0.979
215	8.360	21.907	942	1.072	21.071	15.571	654	1.159	15.571	1.081	12.857	540	1.144	12.857	15.571	654	1.159	15.571	1.013	21.071	885.000	1.031	21.071	60.476	2540	1.412	60.476	1.369
216	9.804	35.231	1374	1.825	23.214	9.214	387.000	0.725	9.214	0.397	11.833	497	1.080	11.833	9.214	387.000	0.725	9.214	0.671	23.214	975	1.203	23.214	53.833	2261	1.374	53.833	1.142
217	8.055	26.949	1051	1.357	26.619	14.333	602	1.090	14.333	0.804	17.500	735	1.563	17.500	14.333	602	1.090	14.333	0.698	26.619	1118	1.340	26.619	61.738	2593	1.450	61.738	1.082
218	7.063	28.788	950	1.489	29.595	13.048	548	1.024	13.048	0.688	9.429	396	0.860	9.429	13.048	548	1.024	13.048	1.191	29.595	1243	1.530	29.595	60.238	2530	1.439	60.238	0.940
219	7.063	17.459	646	0.936	21	8.905	374	0.715	8.905	0.764	12.667	532	1.174	12.667	8.905	374	0.715	8.905	0.609	21	882	1.125	21	49.071	2061	1.262	49.071	1.121
220	7.902	24.368	926	1.255	23.429	11.952	502	0.922	11.952	0.734	15.333	644	1.385	15.333	11.952	502	0.922	11.952	0.665	23.429	984.000	1.207	23.429	52.833	2219	1.264	52.833	1.048
221	7.180	25.195	1033	1.268	22.333	11.381	478	0.853	11.381	0.673	11.667	490	1.037	11.667	11.381	478	0.853	11.381	0.823	22.333	938	1.124	22.333	62.524	2626	1.444	62.524	1.285
222	8.544	22.522	1036	1.152	22.357	11.452	481	0.875	11.452	0.760	9.690	407	0.879	9.690	11.452	481	0.875	11.452	0.996	22.357	939	1.143	22.357	54.929	2307	1.257	54.929	1.100
223	7.923	16.882	574	0.887	21.262	9.714	408.000	0.754	9.714	0.850	15.810	664	1.431	15.810	9.714	408.000	0.754	9.714	0.527	21.262	893	1.117	21.262	54.667	2296	1.251	54.667	1.120
224	8.062	23.275	931	1.239	18.952	8.881	373	0.692	8.881	0.559	12.190	512	1.118	12.190	8.881	373	0.692	8.881	0.619	18.952	796	1.009	18.952	66.357	2787	1.526	66.357	1.513
225	9.244	21.167	1016	1.141	23.214	9.071	381	0.714	9.071	0.625	11.738	493.000	1.080	11.738	9.071	381	0.714	9.071	0.661	23.214	975	1.251	23.214	52.095	2188	1.208	52.095	0.965
226	9.804	19.685	1063	1.040	18.929	13.119	551	1.024	13.119	0.985	8.833	371	0.803	8.833	13.119	551	1.024	13.119	1.275	18.929	795.000	1.000	18.929	56.714	2382	1.295	56.714	1.295
227	9.487	23.385	912	1.267	19.167	10.548	443	0.837	10.548	0.661	12.286	516	1.134	12.286	10.548	443	0.837	10.548	0.738	19.167	805	1.039	19.167	59.024	2479	1.360	59.024	1.309
228	9.393	30.940	1547	1.680	34.571	13.833	581	1.091	13.833	0.649	11.048	464	1.018	11.048	13.833	581	1.091	13.833	1.072	34.571	1452	1.878	34.571	66.500	2793	1.535	66.500	0.818
229	11.279	18.094	959	1.006	27.833	12.238	514	0.981	12.238	0.974	10.571	444	0.988	10.571	12.238	514	0.981	12.238	0.992	27.833	1169	1.548	27.833	61.643	2589	1.431	61.643	0.924
230	12.867	21.548	1336	1.268	18.095	12.881	541	1.067	12.881	0.842	10.952	460	1.047	10.952	12.881	541	1.067	12.881	1.020	18.095	760	1.065	18.095	77.048	3236	1.817	77.048	1.705
231	13	20.690	1200	1.198	20.262	10.524	442	0.861	10.524	0.719	11.524	484	1.089	11.524	10.524	442	0.861	10.524	0.790	20.262	851	1.173	20.262	74.310	3121	1.739	74.310	1.483
232	12.565	28.508	1739	1.665	24.405	13.119	551	1.074	13.119	0.645	11.048	464	1.047	11.048	13.119	551	1.074	13.119	1.026	24.405	1025	1.425	24.405	69.357	2913	1.614	69.357	1.132
233	12.374	18.583	1115	1.092	21.333	14.190	596	1.177	14.190	1.078	11.548	485	1.100	11.548	14.190	596	1.177	14.190	1.070	21.333	896	1.254	21.333	67	2814	1.591	67	1.269
234	8.975	33.565	1544.000	1.949	25.333	12.286	516	1.007	12.286	0.517	13.262	557	1.265	13.262	12.286	516	1.007	12.286	0.797	25.333	1064	1.471	25.333	44.048	1850.000	1.035	44.048	0.703
235	10.355	15.109	695	0.885	17.333	10.833	455	0.895	10.833	1.011	10.786	453.000	1.026	10.786	10.833	455	0.895	10.833	0.872	17.333	728	1.015	17.333	52.381	2200	1.243	52.381	1.225
236	12.078	20.787	1268	1.220	26.571	11.238	472.000	0.923	11.238	0.757	7.286	306	0.690	7.286	11.238	472.000	0.923	11.238	1.338	26.571	1116	1.559	26.571	51.071	2145	1.194	51.071	0.766
237	9.989	23.041	1129	1.370	14.119	14.929	627	1.229	14.929	0.897	13.238	556	1.264	13.238	14.929	627	1.229	14.929	0.972	14.119	593	0.840	14.119	67.024	2815	1.601	67.024	1.907
238	10.541	28.821	1614	1.721	18.286	10.714	450.000	0.889	10.714	0.517	8.810	370	0.845	8.810	10.714	450.000	0.889	10.714	1.052	18.286	768	1.092	18.286	56.548	2375	1.342	56.548	1.229
239	7.775	30.167	1086	1.835	18.762	14.262	599	1.198	14.262	0.653	10.690	449	1.033	10.690	14.262	599	1.198	14.262	1.160	18.762	788	1.142	18.762	52.095	2188	1.234	52.095	1.081
240	7.134	14.897	581	0.911	22.905	9.595	403	0.803	9.595	0.882	7.238	304	0.698	7.238	9.595	403	0.803	9.595	1.151	22.905	962	1.400	22.905	52.857	2220	1.246	52.857	0.890
