Frame	Mem Length	A-CatApicalMean	A-CatApicalSum	A-CatApicalNorm	A-CatApicalVertices	ActinApicalMean	ActinApicalSum	ActinApicalNorm	ActinApicalVertices	ApicalRatio	A-CatMedialMean	A-CatMedialSum	A-CatMedialNorm	A-CatMedialVertices	ActinMedialMean	ActinMedialSum	ActinMedialNorm	ActinMedialVertices	MedialRatio	A-CatBasalMean	A-CatBasalSum	A-CatBasalNorm	A-CatBasalVertices	ActinBasalMean	ActinBasalSum	ActinBasalNorm	ActinBasalVertices	BasalRatio
1	31.516	39.184	6191	2.007	56.381	62.071	2607	2.353	62.071	1.172	56.381	2368	2.888	56.381	62.071	2607	2.353	62.071	0.815	100.071	4203	2.586	100.071	62.190	2612	1.422	62.190	0.550
2	30.037	36.672	4914	1.919	47.929	77.429	3252	3.025	77.429	1.576	47.929	2013	2.508	47.929	77.429	3252	3.025	77.429	1.206	78.690	3305	2.060	78.690	51.024	2143	1.168	51.024	0.567
3	30.566	26.706	4086	1.413	37.452	66.714	2802.000	2.654	66.714	1.878	37.452	1573.000	1.982	37.452	66.714	2802.000	2.654	66.714	1.339	70.048	2942	1.837	70.048	45.714	1920	1.049	45.714	0.571
4	28.004	26.810	3378	1.344	30.571	48.048	2018.000	1.790	48.048	1.332	30.571	1284	1.533	30.571	48.048	2018.000	1.790	48.048	1.168	66.429	2790	1.703	66.429	44.190	1856	1.026	44.190	0.603
5	24.083	38.533	4701	1.974	43.690	73.381	3082	2.824	73.381	1.430	43.690	1835	2.239	43.690	73.381	3082	2.824	73.381	1.261	87.286	3666.000	2.259	87.286	35.095	1474	0.811	35.095	0.359
6	23.633	36.187	3872	1.907	46.143	62.619	2630	2.487	62.619	1.304	46.143	1938.000	2.431	46.143	62.619	2630	2.487	62.619	1.023	91.095	3826.000	2.374	91.095	44.595	1873	1.040	44.595	0.438
7	24.505	36.306	4030.000	1.840	68.405	70.024	2941	2.691	70.024	1.462	68.405	2873.000	3.467	68.405	70.024	2941	2.691	70.024	0.776	89.500	3759	2.308	89.500	35.714	1500	0.834	35.714	0.361
8	23.022	36.670	3447	1.943	41.357	57.905	2432	2.336	57.905	1.202	41.357	1737.000	2.192	41.357	57.905	2432	2.336	57.905	1.066	82.095	3448.000	2.143	82.095	41.714	1752	0.970	41.714	0.453
9	23.505	40.264	4268	2.187	53.500	56.643	2379	2.334	56.643	1.067	53.500	2247	2.905	53.500	56.643	2379	2.334	56.643	0.803	90.595	3805.000	2.381	90.595	44.952	1888.000	1.047	44.952	0.440
10	27.518	25.182	2770	1.375	34.929	51.310	2155	2.114	51.310	1.537	34.929	1467	1.907	34.929	51.310	2155	2.114	51.310	1.108	69.262	2909	1.851	69.262	53.881	2263	1.255	53.881	0.678
11	28.500	35.669	5172	1.883	25.714	60.643	2547	2.395	60.643	1.272	25.714	1080	1.358	25.714	60.643	2547	2.395	60.643	1.764	68.833	2891	1.816	68.833	44	1848	1.021	44	0.562
12	20.156	29.467	2711	1.658	39.262	65.667	2758	2.793	65.667	1.685	39.262	1649	2.209	39.262	65.667	2758	2.793	65.667	1.265	74.286	3120.000	1.995	74.286	33.429	1404	0.774	33.429	0.388
13	23.135	30.433	3165	1.770	44.476	60.167	2527	2.655	60.167	1.500	44.476	1868	2.587	44.476	60.167	2527	2.655	60.167	1.027	94.452	3967	2.577	94.452	38	1596	0.883	38	0.342
14	23.436	35.010	3606.000	1.993	47.524	60.214	2529	2.604	60.214	1.307	47.524	1996	2.705	47.524	60.214	2529	2.604	60.214	0.963	75.952	3190	2.079	75.952	36.238	1522	0.847	36.238	0.407
15	21.587	31.652	2817	1.758	46.310	55.595	2335	2.334	55.595	1.328	46.310	1945	2.572	46.310	55.595	2335	2.334	55.595	0.908	83.071	3489	2.254	83.071	43.167	1813	1.013	43.167	0.450
16	19.729	30.456	2406	1.648	38.357	64.262	2699	2.645	64.262	1.604	38.357	1611.000	2.076	38.357	64.262	2699	2.645	64.262	1.274	91.119	3827	2.468	91.119	39.143	1644.000	0.928	39.143	0.376
17	20.652	38.638	3632	2.221	41.167	40.952	1720.000	1.802	40.952	0.811	41.167	1729	2.367	41.167	40.952	1720.000	1.802	40.952	0.762	88.429	3714	2.455	88.429	38.905	1634	0.919	38.905	0.374
18	19.026	29.032	2758	1.667	26.429	41.690	1751	1.824	41.690	1.095	26.429	1110	1.517	26.429	41.690	1751	1.824	41.690	1.202	79.762	3350	2.220	79.762	34.500	1449	0.816	34.500	0.368
19	20.524	24.598	2017	1.384	40.143	55.286	2322	2.344	55.286	1.693	40.143	1686.000	2.259	40.143	55.286	2322	2.344	55.286	1.038	78.952	3316	2.176	78.952	34.071	1431	0.807	34.071	0.371
20	17.500	22.733	2046	1.307	25.262	33.881	1423	1.495	33.881	1.143	25.262	1061	1.453	25.262	33.881	1423	1.495	33.881	1.029	39.833	1673	1.111	39.833	39.190	1646	0.930	39.190	0.837
21	19.500	24.189	2298	1.419	18.381	48.357	2031.000	2.142	48.357	1.509	18.381	772	1.079	18.381	48.357	2031.000	2.142	48.357	1.986	52.810	2218	1.490	52.810	41.905	1760	0.987	41.905	0.662
22	17.500	29.859	2538	1.746	19.881	41.881	1759	1.884	41.881	1.079	19.881	835	1.163	19.881	41.881	1759	1.884	41.881	1.620	55.143	2316	1.556	55.143	36.429	1530	0.865	36.429	0.556
23	21.552	33.186	3219	1.933	28.262	45.690	1919	2.038	45.690	1.054	28.262	1187	1.646	28.262	45.690	1919	2.038	45.690	1.238	64.476	2708	1.821	64.476	37.476	1574	0.894	37.476	0.491
24	23.049	29.886	3138	1.709	37.976	56.810	2386	2.476	56.810	1.449	37.976	1595	2.172	37.976	56.810	2386	2.476	56.810	1.140	66.619	2798	1.874	66.619	52.405	2201	1.253	52.405	0.668
25	21.095	18.105	1901	1.100	30.143	42.571	1788	2.007	42.571	1.825	30.143	1266	1.831	30.143	42.571	1788	2.007	42.571	1.096	69.667	2926	2.005	69.667	41.357	1737.000	0.987	41.357	0.492
26	18.561	23.988	1967	1.495	26.357	48.714	2046	2.346	48.714	1.569	26.357	1107	1.643	26.357	48.714	2046	2.346	48.714	1.428	80.881	3397	2.381	80.881	38.857	1632.000	0.928	38.857	0.390
27	19.506	31.080	2735	1.838	29.405	41.857	1758.000	1.898	41.857	1.032	29.405	1235	1.739	29.405	41.857	1758.000	1.898	41.857	1.091	68.929	2895	1.975	68.929	37.119	1559	0.891	37.119	0.451
28	20.500	33.490	3349	2.012	34.405	39.619	1664	1.842	39.619	0.915	34.405	1445	2.067	34.405	39.619	1664	1.842	39.619	0.891	90.690	3809	2.633	90.690	35.643	1497.000	0.859	35.643	0.326
29	19.026	31.377	2416	1.930	40.643	33.857	1422.000	1.620	33.857	0.840	40.643	1707.000	2.499	40.643	33.857	1422.000	1.620	33.857	0.648	81.476	3422	2.433	81.476	38.548	1619.000	0.923	38.548	0.380
30	17.614	27.847	2005	1.674	27.452	34.738	1459	1.611	34.738	0.962	27.452	1153	1.650	27.452	34.738	1459	1.611	34.738	0.976	70.429	2958	2.072	70.429	30.548	1283	0.737	30.548	0.356
31	17.529	29.148	2565	1.746	27.357	42.929	1803	1.985	42.929	1.137	27.357	1149	1.639	27.357	42.929	1803	1.985	42.929	1.211	75.738	3181	2.208	75.738	37.452	1573.000	0.902	37.452	0.408
32	17.564	31.250	2500	1.929	24.881	40.048	1682.000	1.923	40.048	0.997	24.881	1045	1.536	24.881	40.048	1682.000	1.923	40.048	1.252	84.500	3549	2.471	84.500	41.690	1751	1.004	41.690	0.406
33	17.066	26.805	2064	1.725	23.238	32.310	1357	1.610	32.310	0.933	23.238	976	1.496	23.238	32.310	1357	1.610	32.310	1.076	89.619	3764	2.700	89.619	34.452	1447.000	0.823	34.452	0.305
34	18.527	27.027	2000	1.695	33.857	41.024	1723	1.958	41.024	1.155	33.857	1422.000	2.123	33.857	41.024	1723	1.958	41.024	0.922	95.286	4002.000	2.825	95.286	40.952	1720.000	0.984	40.952	0.348
35	18	18.533	1668.000	1.222	18.667	26.048	1094	1.330	26.048	1.089	18.667	784	1.230	18.667	26.048	1094	1.330	26.048	1.081	101.667	4270	3.091	101.667	36.643	1539.000	0.876	36.643	0.283
36	15	20.413	1531	1.331	19.643	34.762	1460	1.750	34.762	1.315	19.643	825	1.280	19.643	34.762	1460	1.750	34.762	1.367	93.595	3931.000	2.817	93.595	36.690	1541	0.884	36.690	0.314
37	14.036	20.129	1409	1.343	20.071	27.500	1155	1.436	27.500	1.069	20.071	843.000	1.340	20.071	27.500	1155	1.436	27.500	1.072	52	2184	1.601	52	32.381	1360	0.773	32.381	0.483
38	15.008	16.955	1136	1.130	16	21.762	914	1.134	21.762	1.003	16	672	1.067	16	21.762	914	1.134	21.762	1.063	40.214	1689	1.249	40.214	39.738	1669	0.948	39.738	0.759
39	10	16.340	817	1.103	15.190	27.881	1171	1.466	27.881	1.329	15.190	638	1.025	15.190	27.881	1171	1.466	27.881	1.430	49.286	2070	1.540	49.286	31.286	1314	0.746	31.286	0.484
40	12.540	15.238	960	1.051	16.214	26.833	1127	1.467	26.833	1.396	16.214	681	1.118	16.214	26.833	1127	1.467	26.833	1.312	43.548	1829.000	1.390	43.548	38.452	1615.000	0.911	38.452	0.655
41	10.012	18.956	853	1.299	23.571	24.262	1019	1.306	24.262	1.005	23.571	990.000	1.615	23.571	24.262	1019	1.306	24.262	0.808	36.381	1528	1.154	36.381	32.333	1358	0.769	32.333	0.667
42	11.543	21.207	1230	1.425	12.595	31.167	1309	1.651	31.167	1.159	12.595	529	0.846	12.595	31.167	1309	1.651	31.167	1.951	48.476	2036	1.517	48.476	41.500	1743	0.994	41.500	0.655
43	13.086	20.867	1252	1.427	20.905	33.976	1427	1.844	33.976	1.293	20.905	878	1.429	20.905	33.976	1427	1.844	33.976	1.291	66.714	2802.000	2.101	66.714	59.595	2503	1.430	59.595	0.681
44	17.029	24.264	2111	1.611	27.262	44.952	1888.000	2.326	44.952	1.444	27.262	1145	1.810	27.262	44.952	1888.000	2.326	44.952	1.285	65.143	2736	1.991	65.143	50.357	2115	1.210	50.357	0.608
45	16.031	11.646	757	0.831	20.833	36.071	1515	2.063	36.071	2.483	20.833	875	1.486	20.833	36.071	1515	2.063	36.071	1.388	58.262	2447	1.921	58.262	55.786	2343	1.335	55.786	0.695
46	20.506	21.098	1941.000	1.494	25.905	47.976	2015	2.728	47.976	1.826	25.905	1088	1.834	25.905	47.976	2015	2.728	47.976	1.488	61.143	2568	2.017	61.143	59.286	2490	1.420	59.286	0.704
47	17.755	19.056	1353.000	1.341	25.262	38.333	1610	2.143	38.333	1.598	25.262	1061	1.778	25.262	38.333	1610	2.143	38.333	1.205	53.476	2246	1.748	53.476	47.548	1997.000	1.136	47.548	0.650
48	22.638	17.058	1774	1.221	21.381	60.690	2549	3.422	60.690	2.803	21.381	898	1.530	21.381	60.690	2549	3.422	60.690	2.236	79.429	3336	2.641	79.429	54.452	2287	1.288	54.452	0.488
49	24.187	20.569	2530	1.509	28.786	51.833	2177	3.070	51.833	2.034	28.786	1209	2.112	28.786	51.833	2177	3.070	51.833	1.453	87.810	3688	3.013	87.810	41.881	1759	0.990	41.881	0.329
50	26.005	25.974	3039	1.885	21.929	41.857	1758.000	2.433	41.857	1.291	21.929	921.000	1.591	21.929	41.857	1758.000	2.433	41.857	1.529	82.571	3468	2.787	82.571	62.857	2640	1.490	62.857	0.535
51	26.235	19.958	2395	1.495	20.048	39.881	1675	2.458	39.881	1.644	20.048	842	1.502	20.048	39.881	1675	2.458	39.881	1.636	93.810	3940	3.371	93.810	38.881	1633	1.025	38.881	0.304
52	26.120	20.866	2483	1.613	22.500	29.714	1248	1.916	29.714	1.188	22.500	945	1.739	22.500	29.714	1248	1.916	29.714	1.102	69.143	2904	2.598	69.143	51.476	2162	1.391	51.476	0.536
53	24.500	24.917	2990	1.850	19.690	36.214	1521	2.218	36.214	1.199	19.690	827	1.462	19.690	36.214	1521	2.218	36.214	1.518	59.357	2493	2.120	59.357	40.643	1707.000	1.088	40.643	0.513
54	22.506	20.069	2027	1.534	20.119	34.857	1464.000	2.212	34.857	1.443	20.119	845	1.537	20.119	34.857	1464.000	2.212	34.857	1.439	64.786	2721.000	2.349	64.786	40	1680	1.073	40	0.457
55	24.005	16.761	1827	1.283	22.786	28.357	1191	1.802	28.357	1.405	22.786	957	1.744	22.786	28.357	1191	1.802	28.357	1.034	68.381	2872	2.547	68.381	38.810	1630	1.061	38.810	0.417
56	22.500	16.043	1845.000	1.214	14.071	24.190	1016	1.498	24.190	1.234	14.071	591	1.065	14.071	24.190	1016	1.498	24.190	1.407	57	2394	2.091	57	39.452	1657.000	1.088	39.452	0.520
57	21.500	13.627	1499	1.017	20.810	27.167	1141	1.669	27.167	1.640	20.810	874	1.554	20.810	27.167	1141	1.669	27.167	1.074	58.690	2465	2.103	58.690	39.095	1642	1.083	39.095	0.515
58	18.561	14.750	1239	1.073	17.167	26.429	1110	1.565	26.429	1.459	17.167	721	1.248	17.167	26.429	1110	1.565	26.429	1.253	51.714	2172	1.817	51.714	32.333	1358	0.899	32.333	0.495
59	17	15.600	1326	1.124	20.238	29.524	1240	1.743	29.524	1.551	20.238	850	1.458	20.238	29.524	1240	1.743	29.524	1.195	65.190	2738	2.245	65.190	40.429	1698	1.096	40.429	0.488
60	15.500	14.800	1184	1.099	19.595	20.381	856	1.234	20.381	1.123	19.595	823	1.456	19.595	20.381	856	1.234	20.381	0.848	56.381	2368	1.981	56.381	36.571	1536	0.938	36.571	0.473
61	8	9.475	379	0.677	13.143	22.048	926	1.260	22.048	1.861	13.143	552	0.939	13.143	22.048	926	1.260	22.048	1.342	23.762	998	0.812	23.762	28.833	1211	0.730	28.833	0.899
62	12.042	16.122	790	1.146	12.167	18.452	775	1.049	18.452	0.916	12.167	511	0.865	12.167	18.452	775	1.049	18.452	1.213	43	1806	1.439	43	35.452	1489.000	0.892	35.452	0.620
63	11.500	16.764	922.000	1.163	18.310	30.643	1287	1.683	30.643	1.447	18.310	769	1.270	18.310	30.643	1287	1.683	30.643	1.325	24.333	1022	0.796	24.333	38.238	1606	0.961	38.238	1.208
64	12.500	12.015	781	0.840	16.929	17.262	725	0.958	17.262	1.140	16.929	711.000	1.184	16.929	17.262	725	0.958	17.262	0.809	27.333	1148	0.894	27.333	31.929	1341	0.799	31.929	0.893
65	14.080	19.172	1227	1.323	17.786	22.524	946.000	1.223	22.524	0.924	17.786	747	1.228	17.786	22.524	946.000	1.223	22.524	0.996	38.095	1600	1.215	38.095	37.333	1568	0.927	37.333	0.763
66	16.031	17.296	1401	1.170	19.643	22.976	965.000	1.232	22.976	1.053	19.643	825	1.329	19.643	22.976	965.000	1.232	22.976	0.928	37.595	1579	1.193	37.595	48.524	2038	1.198	48.524	1.004
67	17.066	21.299	1640	1.427	20.310	37.476	1574	1.995	37.476	1.398	20.310	853	1.361	20.310	37.476	1574	1.995	37.476	1.466	39.333	1652	1.238	39.333	40	1680	0.994	40	0.803
68	17.029	13	884	0.912	13.881	35.452	1489.000	1.982	35.452	2.175	13.881	583	0.973	13.881	35.452	1489.000	1.982	35.452	2.037	53.714	2256	1.750	53.714	44.786	1881	1.096	44.786	0.626
69	17.529	18.239	1605	1.263	24.452	22.143	930	1.209	22.143	0.957	24.452	1027	1.693	24.452	22.143	930	1.209	22.143	0.714	51.333	2156	1.660	51.333	41.333	1736	1.016	41.333	0.612
70	18	23.744	2137	1.663	26	32.095	1348	1.806	32.095	1.086	26	1092	1.821	26	32.095	1348	1.806	32.095	0.992	44.690	1877	1.477	44.690	61.714	2592	1.524	61.714	1.031
71	19	17.232	1637.000	1.224	17.833	28.429	1194	1.622	28.429	1.326	17.833	749	1.267	17.833	28.429	1194	1.622	28.429	1.281	55.119	2315	1.829	55.119	65.690	2759	1.613	65.690	0.882
72	18.062	17.284	1400	1.246	23.238	21.357	897	1.237	21.357	0.993	23.238	976	1.675	23.238	21.357	897	1.237	21.357	0.738	58.381	2452	2.004	58.381	51.500	2163	1.308	51.500	0.653
73	22.522	17.484	1591.000	1.262	18.833	28.048	1178	1.634	28.048	1.295	18.833	791	1.359	18.833	28.048	1178	1.634	28.048	1.202	62.405	2621	2.130	62.405	52.810	2218	1.307	52.810	0.613
74	28.539	20.217	2608	1.453	25.452	23.190	974	1.340	23.190	0.922	25.452	1069	1.830	25.452	23.190	974	1.340	23.190	0.733	67.810	2848	2.285	67.810	46.190	1940	1.146	46.190	0.502
75	27	19.674	2656	1.454	22.405	38.929	1635	2.347	38.929	1.614	22.405	941	1.656	22.405	38.929	1635	2.347	38.929	1.417	63.452	2665	2.231	63.452	47.262	1985	1.186	47.262	0.532
76	26.519	11.877	1259	0.881	19.190	30.643	1287	1.879	30.643	2.132	19.190	806	1.424	19.190	30.643	1287	1.879	30.643	1.320	60.381	2536	2.146	60.381	45.190	1898	1.173	45.190	0.547
77	22	20.191	2221	1.520	27.810	37.643	1581.000	2.344	37.643	1.541	27.810	1168	2.094	27.810	37.643	1581.000	2.344	37.643	1.119	55.905	2348	1.979	55.905	44.429	1866	1.118	44.429	0.565
78	21.506	24.474	2374	1.826	21.429	40.524	1702	2.504	40.524	1.371	21.429	900.000	1.599	21.429	40.524	1702	2.504	40.524	1.566	69	2898	2.463	69	52.548	2207	1.301	52.548	0.528
79	22.550	18.835	1940	1.456	20.571	23.143	972	1.494	23.143	1.026	20.571	864.000	1.591	20.571	23.143	972	1.494	23.143	0.939	57.905	2432	2.114	57.905	49.690	2087	1.213	49.690	0.574
80	24.083	16.984	2072	1.262	14.595	23.738	997	1.449	23.738	1.148	14.595	613	1.084	14.595	23.738	997	1.449	23.738	1.336	56.595	2377	1.990	56.595	38.976	1637	0.956	38.976	0.480
81	26.575	17.833	2354	1.344	20.524	30.286	1272	1.886	30.286	1.403	20.524	862.000	1.547	20.524	30.286	1272	1.886	30.286	1.219	67.429	2832	2.417	67.429	45.595	1915	1.119	45.595	0.463
82	21.593	17	1853	1.262	17.738	36.262	1523	2.211	36.262	1.752	17.738	745	1.317	17.738	36.262	1523	2.211	36.262	1.679	61.738	2593	2.180	61.738	52.714	2214	1.310	52.714	0.601
83	16.508	19.297	1428	1.367	20.952	51.310	2155	2.946	51.310	2.155	20.952	880	1.484	20.952	51.310	2155	2.946	51.310	1.985	66.929	2811	2.259	66.929	33.500	1407	0.832	33.500	0.368
84	15.008	18.896	1266	1.372	25.619	32.738	1375	1.946	32.738	1.419	25.619	1076	1.860	25.619	32.738	1375	1.946	32.738	1.047	66.833	2807	2.292	66.833	57.810	2428	1.438	57.810	0.627
85	17	22.188	1886	1.587	20.167	32.190	1352	1.869	32.190	1.178	20.167	847	1.442	20.167	32.190	1352	1.869	32.190	1.296	75	3150	2.564	75	35.976	1511	0.900	35.976	0.351
86	17	20.671	1757	1.466	23.786	32.548	1367.000	1.859	32.548	1.268	23.786	999	1.687	23.786	32.548	1367.000	1.859	32.548	1.102	67.762	2846	2.303	67.762	42.619	1790	1.087	42.619	0.472
87	23.505	19.623	2080	1.349	22.500	34.929	1467	1.920	34.929	1.423	22.500	945	1.547	22.500	34.929	1467	1.920	34.929	1.241	64.905	2726.000	2.120	64.905	41.976	1763	1.058	41.976	0.499
88	20.506	20.151	1874.000	1.375	18.929	29.762	1250	1.611	29.762	1.172	18.929	795.000	1.292	18.929	29.762	1250	1.611	29.762	1.247	76.571	3216	2.493	76.571	41.452	1741.000	1.032	41.452	0.414
89	22	21.191	2331	1.453	27.452	25.452	1069	1.392	25.452	0.958	27.452	1153	1.882	27.452	25.452	1069	1.392	25.452	0.739	65	2730	2.121	65	40.310	1693	1.005	40.310	0.474
90	18.007	24.037	1947	1.677	14.143	23.238	976	1.308	23.238	0.780	14.143	594	0.986	14.143	23.238	976	1.308	23.238	1.326	33.643	1413.000	1.128	33.643	31.476	1322	0.783	31.476	0.694
91	17.029	15.241	1326	1.048	23.238	18.619	782	1.018	18.619	0.971	23.238	976	1.599	23.238	18.619	782	1.018	18.619	0.637	42.905	1802	1.398	42.905	41	1722	1.026	41	0.734
92	11.500	18.900	1134	1.264	15.619	20.071	843.000	1.067	20.071	0.845	15.619	656	1.044	15.619	20.071	843.000	1.067	20.071	1.022	38.286	1608	1.224	38.286	41.143	1728.000	1.030	41.143	0.842
93	13.038	21.333	1408	1.449	17.643	18	756	0.975	18	0.673	17.643	741	1.198	17.643	18	756	0.975	18	0.814	47.976	2015	1.551	47.976	33.571	1410	0.841	33.571	0.542
94	15.033	18.367	1102	1.205	13.429	23.786	999	1.233	23.786	1.023	13.429	564	0.881	13.429	23.786	999	1.233	23.786	1.399	41.929	1761	1.330	41.929	34.524	1450	0.864	34.524	0.650
95	11.511	19.308	1004	1.256	18.214	19.524	820.000	0.999	19.524	0.796	18.214	765	1.184	18.214	19.524	820.000	0.999	19.524	0.844	36.190	1520	1.129	36.190	26.381	1108	0.662	26.381	0.586
96	12.510	13.446	753	0.864	19.929	30.952	1300	1.570	30.952	1.817	19.929	837.000	1.281	19.929	30.952	1300	1.570	30.952	1.226	42.095	1768	1.302	42.095	31.738	1333	0.797	31.738	0.612
97	14.509	16.833	1111	1.087	13.405	26.690	1121	1.361	26.690	1.252	13.405	563	0.866	13.405	26.690	1121	1.361	26.690	1.572	36	1512	1.122	36	37.238	1564	0.935	37.238	0.833
98	17.507	20.519	1621	1.357	24.262	39.952	1678.000	2.105	39.952	1.551	24.262	1019	1.605	24.262	39.952	1678.000	2.105	39.952	1.312	47.310	1987	1.493	47.310	38.238	1606	0.959	38.238	0.642
99	18.028	21.819	1571	1.421	25.857	46.357	1947.000	2.390	46.357	1.682	25.857	1086	1.684	25.857	46.357	1947.000	2.390	46.357	1.419	50.095	2104	1.587	50.095	32.095	1348	0.819	32.095	0.516
100	20.524	26.515	2731	1.653	27.429	47.214	1983	2.303	47.214	1.393	27.429	1152	1.710	27.429	47.214	1983	2.303	47.214	1.347	50.667	2128	1.533	50.667	40.929	1719	1.033	40.929	0.674
101	20.006	22.367	2013	1.384	21.738	41.024	1723	1.972	41.024	1.425	21.738	913	1.345	21.738	41.024	1723	1.972	41.024	1.467	70	2940	2.091	70	27.881	1171	0.709	27.881	0.339
102	24.005	18.202	1984	1.106	18.738	35.786	1503	1.698	35.786	1.535	18.738	787	1.139	18.738	35.786	1503	1.698	35.786	1.491	66.048	2774	1.964	66.048	27.976	1175	0.710	27.976	0.362
103	19	30.811	2927	1.895	34.310	35.476	1490	1.717	35.476	0.906	34.310	1441	2.110	34.310	35.476	1490	1.717	35.476	0.814	72.833	3059	2.173	72.833	31.833	1337	0.806	31.833	0.371
104	20.524	20.723	1720.000	1.323	27.881	28.762	1208	1.437	28.762	1.086	27.881	1171	1.780	27.881	28.762	1208	1.437	28.762	0.807	74.500	3129	2.282	74.500	40.167	1687	1.011	40.167	0.443
105	17.007	18.500	1406	1.174	17.071	26.262	1103	1.303	26.262	1.111	17.071	717.000	1.083	17.071	26.262	1103	1.303	26.262	1.204	75.048	3152	2.306	75.048	42.381	1780	1.067	42.381	0.463
106	15.532	25.203	1991	1.540	29.571	41.762	1754	2.002	41.762	1.300	29.571	1242	1.807	29.571	41.762	1754	2.002	41.762	1.108	89.286	3750.000	2.677	89.286	42.190	1772	1.064	42.190	0.397
107	16.070	21.781	1590	1.354	22.643	34.214	1437	1.671	34.214	1.234	22.643	951	1.408	22.643	34.214	1437	1.671	34.214	1.187	66.857	2808	2.046	66.857	37.452	1573.000	0.945	37.452	0.462
108	19.059	20.816	1811.000	1.282	28.571	32.952	1384.000	1.575	32.952	1.228	28.571	1200	1.760	28.571	32.952	1384.000	1.575	32.952	0.895	83.524	3508	2.512	83.524	31.476	1322	0.796	31.476	0.317
109	11.511	22.058	1147	1.353	25.381	28.024	1177	1.336	28.024	0.988	25.381	1066	1.557	25.381	28.024	1177	1.336	28.024	0.858	69.786	2931.000	2.097	69.786	41.524	1744	1.052	41.524	0.502
110	13	16.677	1084	1.049	28	37.667	1582	1.832	37.667	1.746	28	1176	1.761	28	37.667	1582	1.832	37.667	1.040	72.405	3041.000	2.204	72.405	37.381	1570	0.940	37.381	0.426
111	12.010	20.370	1100	1.269	25.952	29.714	1248	1.433	29.714	1.130	25.952	1090	1.616	25.952	29.714	1248	1.433	29.714	0.887	54.286	2280	1.657	54.286	28.619	1202	0.741	28.619	0.447
112	13.537	23.370	1262	1.402	29.571	32.262	1355	1.489	32.262	1.062	29.571	1242	1.774	29.571	32.262	1355	1.489	32.262	0.839	65.405	2747.000	1.924	65.405	28.738	1207	0.729	28.738	0.379
113	11.511	21.885	1138	1.338	24.952	31.952	1342	1.518	31.952	1.135	24.952	1048	1.525	24.952	31.952	1342	1.518	31.952	0.995	74.143	3114	2.206	74.143	35.619	1496	0.896	35.619	0.406
114	11.011	19.694	965.000	1.189	16.310	33.119	1391	1.535	33.119	1.290	16.310	685	0.985	16.310	33.119	1391	1.535	33.119	1.558	56.690	2381	1.687	56.690	29.381	1234	0.738	29.381	0.437
115	9.513	18.581	799	1.068	19.905	26.381	1108	1.169	26.381	1.094	19.905	836	1.144	19.905	26.381	1108	1.169	26.381	1.021	37.476	1574	1.079	37.476	31.071	1305	0.785	31.071	0.727
116	10.012	27.435	1262	1.606	27.714	44.738	1879	2.006	44.738	1.249	27.714	1164	1.622	27.714	44.738	1879	2.006	44.738	1.237	50.214	2109	1.465	50.214	34.929	1467	0.881	34.929	0.602
117	7.500	36.600	1464	2.057	28.286	35.548	1493.000	1.520	35.548	0.739	28.286	1188	1.590	28.286	35.548	1493.000	1.520	35.548	0.956	33.119	1391	0.965	33.119	31.976	1343	0.807	31.976	0.836
118	10.112	29.659	1305	1.799	24.667	28.810	1210	1.341	28.810	0.745	24.667	1036	1.496	24.667	28.810	1210	1.341	28.810	0.896	36.833	1547	1.105	36.833	42.405	1781	1.066	42.405	0.965
119	10.012	25.956	1168	1.466	17.976	39.214	1647	1.684	39.214	1.149	17.976	755.000	1.015	17.976	39.214	1647	1.684	39.214	1.659	44.595	1873	1.288	44.595	29.476	1238	0.747	29.476	0.580
120	8.062	15.242	503	0.873	24.143	33.667	1414	1.464	33.667	1.678	24.143	1014	1.382	24.143	33.667	1414	1.464	33.667	1.060	43.786	1839	1.272	43.786	28.429	1194	0.716	28.429	0.563
121	8.500	27.550	1102	1.608	24.524	39.762	1670	1.751	39.762	1.089	24.524	1030	1.431	24.524	39.762	1670	1.751	39.762	1.224	46.333	1946	1.373	46.333	33.048	1388.000	0.829	33.048	0.604
122	11.543	25.102	1481	1.465	23.095	42.190	1772	1.879	42.190	1.282	23.095	970	1.348	23.095	42.190	1772	1.879	42.190	1.394	65.143	2736	1.931	65.143	43.857	1842.000	1.110	43.857	0.575
123	12.500	22.492	1462	1.355	25.952	49.190	2066	2.278	49.190	1.681	25.952	1090	1.564	25.952	49.190	2066	2.278	49.190	1.457	61.214	2571	1.858	61.214	38.786	1629	0.981	38.786	0.528
124	14.577	26.954	1752	1.561	30.095	36.524	1534	1.630	36.524	1.044	30.095	1264	1.743	30.095	36.524	1534	1.630	36.524	0.935	63.405	2663	1.920	63.405	44.714	1878	1.131	44.714	0.589
125	11.511	25.750	1339	1.447	18.810	47.214	1983	2.025	47.214	1.399	18.810	790	1.057	18.810	47.214	1983	2.025	47.214	1.915	58.881	2473	1.748	58.881	40.310	1693	1.015	40.310	0.581
126	11.011	25.959	1272	1.405	35.119	49	2058	2.000	49	1.424	35.119	1475	1.901	35.119	49	2058	2.000	49	1.052	57.833	2429	1.692	57.833	37.429	1572	0.940	37.429	0.556
127	13	24.369	1584	1.398	20.048	38.976	1637	1.691	38.976	1.210	20.048	842	1.150	20.048	38.976	1637	1.691	38.976	1.471	54.357	2283	1.618	54.357	47.357	1989.000	1.190	47.357	0.735
128	13.537	18.701	1253.000	1.037	36.952	58.048	2438	2.448	58.048	2.359	36.952	1552.000	2.050	36.952	58.048	2438	2.448	58.048	1.194	42.214	1773	1.238	42.214	31.762	1334	0.802	31.762	0.648
129	10.012	24.261	1116	1.363	27.095	34.762	1460	1.480	34.762	1.086	27.095	1138	1.522	27.095	34.762	1460	1.480	34.762	0.972	45.333	1904	1.332	45.333	37.167	1561	0.937	37.167	0.703
130	12.093	17.321	970.000	0.995	22.667	37.929	1593	1.653	37.929	1.661	22.667	952	1.303	22.667	37.929	1593	1.653	37.929	1.269	60.143	2526	1.790	60.143	36.143	1518.000	0.906	36.143	0.506
131	12.500	22.754	1479	1.310	26.048	31.357	1317	1.361	31.357	1.039	26.048	1094	1.500	26.048	31.357	1317	1.361	31.357	0.907	61.190	2570	1.818	61.190	36.024	1513	0.900	36.024	0.495
132	13.583	20.435	1267	1.168	23.429	37.119	1559	1.607	37.119	1.375	23.429	984.000	1.339	23.429	37.119	1559	1.607	37.119	1.200	69.619	2924	2.047	69.619	34	1428	0.846	34	0.413
133	12.510	24.421	1392	1.354	26.595	34.500	1449	1.455	34.500	1.075	26.595	1117	1.475	26.595	34.500	1449	1.455	34.500	0.987	68.405	2873.000	1.982	68.405	36	1512	0.900	36	0.454
134	12.510	25.263	1440	1.384	29.476	23.095	970	0.967	23.095	0.699	29.476	1238	1.614	29.476	23.095	970	0.967	23.095	0.599	73.286	3078.000	2.119	73.286	35.262	1481	0.887	35.262	0.418
135	10.548	18.604	986	1.034	23.833	31.405	1319	1.323	31.405	1.280	23.833	1001	1.324	23.833	31.405	1319	1.323	31.405	0.999	61.738	2593	1.831	61.738	27.881	1171	0.697	27.881	0.381
136	8.016	28.306	1019	1.572	21.571	32.262	1355	1.355	32.262	0.862	21.571	906.000	1.198	21.571	32.262	1355	1.355	32.262	1.131	69.048	2900	2.019	69.048	33.286	1398	0.835	33.286	0.414
137	10.012	22.933	1032	1.315	27.905	33.190	1394	1.452	33.190	1.104	27.905	1172	1.600	27.905	33.190	1394	1.452	33.190	0.907	76.643	3219	2.244	76.643	27.786	1167	0.691	27.786	0.308
138	8.515	20.368	774	1.194	20.500	26.738	1123	1.185	26.738	0.992	20.500	861	1.202	20.500	26.738	1123	1.185	26.738	0.986	52.548	2207	1.563	52.548	33.881	1423	0.842	33.881	0.538
139	13.509	17.900	1074	1.057	15.524	14.524	610	0.653	14.524	0.617	15.524	652	0.917	15.524	14.524	610	0.653	14.524	0.712	28.786	1209	0.859	28.786	34.690	1457	0.861	34.690	1.002
140	12.510	16.411	919	0.978	15.429	18.619	782	0.841	18.619	0.860	15.429	648	0.919	15.429	18.619	782	0.841	18.619	0.915	43.571	1830	1.302	43.571	33.667	1414	0.832	33.667	0.639
141	10	20.180	1009	1.222	19.786	19.595	823	0.899	19.595	0.736	19.786	831	1.198	19.786	19.595	823	0.899	19.595	0.750	30.857	1296	0.943	30.857	31.429	1320	0.771	31.429	0.818
142	11.011	15.745	803	0.956	14.548	26.095	1096	1.206	26.095	1.261	14.548	611	0.884	14.548	26.095	1096	1.206	26.095	1.364	26.024	1093	0.794	26.024	43.595	1831	1.073	43.595	1.352
143	10.012	20.784	1060	1.253	23	38.548	1619.000	1.769	38.548	1.412	23	966	1.387	23	38.548	1619.000	1.769	38.548	1.276	42.929	1803	1.311	42.929	51.619	2168	1.271	51.619	0.970
144	12.510	22.714	1272	1.408	15.476	39.833	1673	1.891	39.833	1.343	15.476	650	0.959	15.476	39.833	1673	1.891	39.833	1.971	31.476	1322	0.963	31.476	47.857	2010.000	1.175	47.857	1.219
145	12.010	18.370	992	1.146	23.524	36.595	1537	1.746	36.595	1.523	23.524	988.000	1.468	23.524	36.595	1537	1.746	36.595	1.190	46.310	1945	1.436	46.310	40.262	1691	0.984	40.262	0.685
146	16.008	23.500	1692	1.450	23.452	42.119	1769	1.971	42.119	1.360	23.452	985	1.447	23.452	42.119	1769	1.971	42.119	1.362	60.524	2542	1.841	60.524	42.976	1805	1.055	42.976	0.573
147	18	27.544	2479	1.702	20.262	44.333	1862	2.092	44.333	1.230	20.262	851	1.252	20.262	44.333	1862	2.092	44.333	1.672	47.500	1995	1.469	47.500	52.548	2207	1.285	52.548	0.875
148	20.597	23.262	2396	1.474	27.214	39.810	1672	1.949	39.810	1.322	27.214	1143	1.724	27.214	39.810	1672	1.949	39.810	1.130	60.952	2560	1.921	60.952	42.405	1781	1.037	42.405	0.540
149	23.049	22.125	2301	1.348	19.929	35.976	1511	1.667	35.976	1.236	19.929	837.000	1.215	19.929	35.976	1511	1.667	35.976	1.372	50.524	2122	1.542	50.524	51.024	2143	1.261	51.024	0.818
150	24.749	19.777	2215	1.204	22.143	30.857	1296	1.429	30.857	1.186	22.143	930	1.349	22.143	30.857	1296	1.429	30.857	1.060	62.690	2633	1.934	62.690	40.286	1692	0.985	40.286	0.509
151	21.500	20.982	2308	1.312	22.690	28.738	1207	1.378	28.738	1.050	22.690	953	1.419	22.690	28.738	1207	1.378	28.738	0.971	51.310	2155	1.608	51.310	39.643	1665.000	0.964	39.643	0.600
152	20.555	16.315	1501	1.001	25	36.667	1540	1.704	36.667	1.702	25	1050	1.534	25	36.667	1540	1.704	36.667	1.111	37.571	1578	1.168	37.571	43.500	1827	1.056	43.500	0.905
153	23.022	22.145	2591	1.401	14.571	24.643	1035	1.196	24.643	0.853	14.571	612	0.922	14.571	24.643	1035	1.196	24.643	1.297	45.333	1904	1.419	45.333	34.262	1439	0.832	34.262	0.586
154	19.526	16.974	1324	1.082	17.024	36.190	1520	1.767	36.190	1.633	17.024	715.000	1.085	17.024	36.190	1520	1.767	36.190	1.629	39.762	1670	1.248	39.762	40.405	1697	0.981	40.405	0.786
155	16.530	16.379	1081	1.041	19.762	34.476	1448	1.677	34.476	1.610	19.762	830	1.256	19.762	34.476	1448	1.677	34.476	1.335	47	1974	1.472	47	41.333	1736	1.007	41.333	0.684
156	18.527	18.860	1754	1.190	13.690	38.024	1597	1.821	38.024	1.530	13.690	575	0.864	13.690	38.024	1597	1.821	38.024	2.108	59.905	2516	1.864	59.905	42.095	1768	1.023	42.095	0.549
157	17.507	23.506	1857	1.542	22.238	28.452	1195	1.434	28.452	0.930	22.238	934	1.459	22.238	28.452	1195	1.434	28.452	0.983	57.119	2399	1.842	57.119	43.738	1837	1.061	43.738	0.576
158	17.529	20.514	1436.000	1.339	19.333	28.262	1187	1.414	28.262	1.055	19.333	812	1.262	19.333	28.262	1187	1.414	28.262	1.120	53.071	2229	1.719	53.071	42.167	1771	1.023	42.167	0.595
159	17	16.082	1367	1.037	12.333	26.786	1125	1.317	26.786	1.271	12.333	518	0.795	12.333	26.786	1125	1.317	26.786	1.657	52.595	2209	1.708	52.595	45.143	1896.000	1.099	45.143	0.643
160	11.045	22.930	1307	1.441	15	25.786	1083	1.228	25.786	0.852	15	630	0.943	15	25.786	1083	1.228	25.786	1.303	54.548	2291	1.707	54.548	50.262	2111	1.219	50.262	0.714
161	9.708	22.341	916.000	1.438	20.048	32.881	1381	1.610	32.881	1.120	20.048	842	1.290	20.048	32.881	1381	1.610	32.881	1.248	50.524	2122	1.602	50.524	41.071	1725	0.998	41.071	0.623
162	12.540	18.444	1162	1.164	22.929	34.429	1446	1.645	34.429	1.413	22.929	963.000	1.447	22.929	34.429	1446	1.645	34.429	1.137	78.048	3278	2.464	78.048	44.357	1863.000	1.079	44.357	0.438
163	17.507	18.177	1436	1.145	20.833	32.786	1377	1.569	32.786	1.371	20.833	875	1.312	20.833	32.786	1377	1.569	32.786	1.196	67.690	2843	2.126	67.690	36.119	1517	0.876	36.119	0.412
164	15.008	20.343	1363	1.303	13.357	27.238	1144	1.323	27.238	1.016	13.357	561	0.855	13.357	27.238	1144	1.323	27.238	1.547	39.762	1670	1.280	39.762	47.143	1980.000	1.139	47.143	0.890
165	15.207	16.944	1203.000	1.090	24.690	33.190	1394	1.619	33.190	1.486	24.690	1037	1.588	24.690	33.190	1394	1.619	33.190	1.020	50.238	2110	1.612	50.238	44.929	1887	1.089	44.929	0.675
166	11.500	12.117	727	0.785	13.548	30.714	1290	1.521	30.714	1.938	13.548	569	0.877	13.548	30.714	1290	1.521	30.714	1.733	49.238	2068	1.589	49.238	47.714	2004	1.153	47.714	0.726
167	11	15.636	860	1.038	16.786	29.310	1231	1.488	29.310	1.434	16.786	705	1.114	16.786	29.310	1231	1.488	29.310	1.336	44.976	1889	1.465	44.976	59.333	2492	1.437	59.333	0.981
168	14	19.100	1337	1.182	22.095	29.500	1239	1.380	29.500	1.167	22.095	928	1.368	22.095	29.500	1239	1.380	29.500	1.009	65.381	2746	2.038	65.381	55.357	2325	1.341	55.357	0.658
169	16.008	18.139	1306	1.184	20.667	33.381	1402	1.663	33.381	1.404	20.667	868	1.349	20.667	33.381	1402	1.663	33.381	1.232	55.810	2344	1.812	55.810	52.429	2202	1.264	52.429	0.698
170	17.029	23.500	1974	1.476	25.238	40.286	1692	1.924	40.286	1.303	25.238	1060	1.586	25.238	40.286	1692	1.924	40.286	1.213	54.357	2283	1.712	54.357	49.976	2099	1.208	49.976	0.705
171	15.008	25.746	1725	1.724	22	45.881	1927	2.347	45.881	1.361	22	924	1.473	22	45.881	1927	2.347	45.881	1.593	57.333	2408	1.866	57.333	64.310	2701	1.541	64.310	0.826
172	12	23.700	1422	1.539	28.762	46.119	1937	2.281	46.119	1.482	28.762	1208	1.868	28.762	46.119	1937	2.281	46.119	1.221	89.119	3743	2.823	89.119	65	2730	1.556	65	0.551
173	15.788	26.048	1641	1.704	24.619	36.738	1543	1.846	36.738	1.083	24.619	1034	1.610	24.619	36.738	1543	1.846	36.738	1.146	67.429	2832	2.170	67.429	49.857	2094	1.191	49.857	0.549
174	14	21.671	1517	1.477	23.690	40.024	1681	2.114	40.024	1.431	23.690	995	1.615	23.690	40.024	1681	2.114	40.024	1.309	68.833	2891	2.225	68.833	43.381	1822	1.033	43.381	0.464
175	18.111	23.671	1799	1.601	21.881	30.238	1270	1.572	30.238	0.982	21.881	919	1.480	21.881	30.238	1270	1.572	30.238	1.062	65.381	2746	2.121	65.381	49.619	2084	1.184	49.619	0.558
176	18.062	21.962	1757	1.416	20.667	37.571	1578	1.858	37.571	1.312	20.667	868	1.332	20.667	37.571	1578	1.858	37.571	1.394	46.786	1965	1.464	46.786	44.095	1852	1.059	44.095	0.724
177	19.602	20.765	2035	1.357	20.976	26.024	1093	1.325	26.024	0.976	20.976	881.000	1.371	20.976	26.024	1093	1.325	26.024	0.966	47.857	2010.000	1.513	47.857	49.381	2074	1.212	49.381	0.801
178	17.847	17.321	1403	1.188	19.167	26.262	1103	1.405	26.262	1.183	19.167	805	1.314	19.167	26.262	1103	1.405	26.262	1.069	65.690	2759	2.145	65.690	48	2016	1.141	48	0.532
179	17.564	23.679	1918	1.664	22.310	37.214	1563	2.035	37.214	1.223	22.310	937	1.568	22.310	37.214	1563	2.035	37.214	1.298	66.929	2811	2.267	66.929	52.429	2202	1.228	52.429	0.541
180	15.033	13.623	831	1.058	15.524	27.119	1139	1.726	27.119	1.631	15.524	652	1.206	15.524	27.119	1139	1.726	27.119	1.432	54.762	2300	2.154	54.762	51.476	2162	1.424	51.476	0.661
181	19.558	14.640	1303	1.021	25.548	26.095	1096	1.415	26.095	1.387	25.548	1073	1.781	25.548	26.095	1096	1.415	26.095	0.795	84.667	3556	2.895	84.667	42.119	1769	1.019	42.119	0.352
182	16.621	18.542	1539.000	1.315	15.833	28.857	1212	1.616	28.857	1.229	15.833	665	1.123	15.833	28.857	1212	1.616	28.857	1.439	53.857	2262	1.838	53.857	40.262	1691	0.958	40.262	0.521
183	16	20.112	1609	1.458	23.976	26.881	1129	1.534	26.881	1.052	23.976	1007.000	1.738	23.976	26.881	1129	1.534	26.881	0.883	68.286	2868.000	2.382	68.286	35.952	1510.000	0.850	35.952	0.357
184	11.511	13.423	698	0.994	20.810	25.905	1088	1.512	25.905	1.520	20.810	874	1.542	20.810	25.905	1088	1.512	25.905	0.981	47.762	2006	1.737	47.762	45.405	1907	1.069	45.405	0.615
185	12.659	22.968	1447	1.719	13.667	21.286	894	1.255	21.286	0.730	13.667	574	1.023	13.667	21.286	894	1.255	21.286	1.228	40.143	1686.000	1.461	40.143	33.643	1413.000	0.784	33.643	0.537
186	12.166	17.040	852	1.276	11.476	19.738	829	1.168	19.738	0.916	11.476	482	0.859	11.476	19.738	829	1.168	19.738	1.360	41.595	1747	1.522	41.595	42.762	1796	1.013	42.762	0.666
187	10.500	19.164	1054	1.428	23.167	23.905	1004	1.405	23.905	0.984	23.167	973	1.726	23.167	23.905	1004	1.405	23.905	0.814	38.571	1620	1.398	38.571	50.548	2123	1.172	50.548	0.838
188	9.552	12.947	492	0.947	18.381	22.429	942.000	1.296	22.429	1.368	18.381	772	1.345	18.381	22.429	942.000	1.296	22.429	0.964	61.429	2580	2.219	61.429	40.429	1698	0.945	40.429	0.426
189	10.607	16.750	804	1.239	15.571	23.357	981	1.343	23.357	1.084	15.571	654	1.152	15.571	23.357	981	1.343	23.357	1.166	54.214	2277	1.971	54.214	45.881	1927	1.072	45.881	0.544
190	13.509	18.900	1134	1.378	17.190	25.429	1068	1.439	25.429	1.044	17.190	722	1.254	17.190	25.429	1068	1.439	25.429	1.147	53.333	2240	1.925	53.333	50.357	2115	1.195	50.357	0.621
191	18.062	18.720	1535	1.361	14.810	23.881	1003	1.350	23.881	0.992	14.810	622	1.077	14.810	23.881	1003	1.350	23.881	1.254	64.357	2703	2.343	64.357	57.357	2409	1.381	57.357	0.589
192	19.602	15.392	1216	1.155	17.643	35.810	1504	2.121	35.810	1.836	17.643	741	1.324	17.643	35.810	1504	2.121	35.810	1.602	50.690	2129	1.919	50.690	57.786	2427	1.404	57.786	0.731
193	19.007	18.635	1584	1.454	10.167	30	1260	1.882	30	1.294	10.167	427	0.793	10.167	30	1260	1.882	30	2.372	42.310	1777	1.696	42.310	69	2898	1.703	69	1.004
194	18.062	18.488	1553	1.465	15.286	29.190	1226	1.898	29.190	1.296	15.286	642	1.211	15.286	29.190	1226	1.898	29.190	1.567	47.524	1996	1.966	47.524	64.071	2691	1.655	64.071	0.841
195	18.111	17.365	1285.000	1.399	14.952	22.548	947	1.481	22.548	1.059	14.952	628	1.205	14.952	22.548	947	1.481	22.548	1.229	41.357	1737.000	1.735	41.357	62.833	2639	1.620	62.833	0.933
196	17.847	11.272	913	0.918	18.238	32.810	1378	2.204	32.810	2.401	18.238	766	1.485	18.238	32.810	1378	2.204	32.810	1.484	52.381	2200	2.210	52.381	62.452	2623	1.619	62.452	0.733
197	18.007	13.605	1102	1.090	21.119	31.429	1320	2.047	31.429	1.878	21.119	887	1.692	21.119	31.429	1320	2.047	31.429	1.210	50.643	2127	2.079	50.643	76.952	3232	1.945	76.952	0.935
198	18.500	45.867	4128	1.912	46.952	21.310	895	1.425	21.310	0.745	13.881	583	1.135	13.881	21.310	895	1.425	21.310	1.256	46.952	1972.000	1.957	46.952	59.714	2508	1.512	59.714	0.773
199	16.688	41.880	3141	1.647	43.786	30.310	1273	1.894	30.310	1.150	14.619	614	1.144	14.619	30.310	1273	1.894	30.310	1.656	43.786	1839	1.722	43.786	60.857	2556	1.406	60.857	0.816
200	19.500	38.590	3859.000	1.685	35.476	20.167	847	1.357	20.167	0.805	9.857	414	0.814	9.857	20.167	847	1.357	20.167	1.667	35.476	1490	1.549	35.476	54.167	2275	1.344	54.167	0.868
201	16.008	29.247	2135	1.196	42.690	14.524	610	0.918	14.524	0.768	16.095	676	1.279	16.095	14.524	610	0.918	14.524	0.718	42.690	1793	1.745	42.690	60.238	2530	1.436	60.238	0.823
202	14.500	24.187	1814	1.053	32.833	17.024	715.000	1.140	17.024	1.083	18.524	778.000	1.529	18.524	17.024	715.000	1.140	17.024	0.746	32.833	1379	1.429	32.833	48.405	2033	1.189	48.405	0.832
203	14.509	32.121	2120	1.369	31.976	13.929	585	0.914	13.929	0.668	14.262	599	1.156	14.262	13.929	585	0.914	13.929	0.791	31.976	1343	1.363	31.976	57.786	2427	1.401	57.786	1.029
204	13.038	38.606	2548	1.583	32.262	18.024	757.000	1.178	18.024	0.744	12.976	545	1.039	12.976	18.024	757.000	1.178	18.024	1.133	32.262	1355	1.323	32.262	62.714	2634	1.436	62.714	1.085
205	11.500	27.767	1666	1.127	33.452	21.476	902.000	1.368	21.476	1.214	11.619	488	0.923	11.619	21.476	902.000	1.368	21.476	1.483	33.452	1405.000	1.357	33.452	63.119	2651	1.446	63.119	1.066
206	11.543	44.957	2113	1.826	45.643	16.452	691	1.059	16.452	0.580	7.976	335	0.638	7.976	16.452	691	1.059	16.452	1.659	45.643	1917.000	1.854	45.643	67.881	2851	1.574	67.881	0.849
207	15	32.880	2466	1.358	35.381	27.476	1154	1.788	27.476	1.317	13.976	587	1.127	13.976	27.476	1154	1.788	27.476	1.587	35.381	1486	1.461	35.381	73.952	3106	1.716	73.952	1.174
208	14.509	30.985	2045	1.293	31.976	22.833	959	1.498	22.833	1.158	10.119	425	0.820	10.119	22.833	959	1.498	22.833	1.827	31.976	1343	1.335	31.976	85.929	3609	2.013	85.929	1.508
209	14.009	36.905	2325	1.512	31.714	28.881	1213	1.887	28.881	1.248	15.357	645	1.247	15.357	28.881	1213	1.887	28.881	1.513	31.714	1332	1.299	31.714	79.500	3339	1.852	79.500	1.425
210	13.153	48.582	3255	2.014	48.024	27.095	1138	1.758	27.095	0.873	14.786	621	1.188	14.786	27.095	1138	1.758	27.095	1.480	48.024	2017	1.991	48.024	67.762	2846	1.583	67.762	0.795
211	12.042	35.607	2172	1.497	38.405	18.310	769	1.235	18.310	0.825	18.333	770	1.506	18.333	18.310	769	1.235	18.310	0.820	38.405	1613	1.615	38.405	47.976	2015	1.113	47.976	0.689
212	12.510	41.464	2322	1.795	41.095	16.905	710	1.160	16.905	0.646	15.071	633	1.256	15.071	16.905	710	1.160	16.905	0.924	41.095	1726	1.779	41.095	48.595	2041	1.118	48.595	0.628
213	12.500	27.215	1769	1.252	27.595	13.976	587	0.987	13.976	0.789	15.214	639	1.305	15.214	13.976	587	0.987	13.976	0.757	27.595	1159	1.269	27.595	51.048	2144	1.172	51.048	0.923
214	11.102	35	1715	1.671	31.976	17.024	715.000	1.236	17.024	0.740	9.857	414	0.860	9.857	17.024	715.000	1.236	17.024	1.436	31.976	1343	1.526	31.976	51.643	2169	1.184	51.643	0.776
215	14.036	26.946	1509	1.318	30.238	11.429	480	0.850	11.429	0.645	10.810	454	0.961	10.810	11.429	480	0.850	11.429	0.884	30.238	1270	1.479	30.238	60	2520	1.400	60	0.947
216	11.543	31.234	1468	1.618	24.619	11.333	476	0.891	11.333	0.551	13.310	559	1.215	13.310	11.333	476	0.891	11.333	0.734	24.619	1034	1.275	24.619	51.238	2152	1.308	51.238	1.025
217	12.093	19.250	1078	0.969	20.500	13.952	586	1.061	13.952	1.095	11.667	490	1.042	11.667	13.952	586	1.061	13.952	1.019	20.500	861	1.032	20.500	48.405	2033	1.137	48.405	1.102
218	11.045	15.378	692	0.795	18.357	13.024	547	1.022	13.024	1.285	15.524	652	1.416	15.524	13.024	547	1.022	13.024	0.722	18.357	771	0.949	18.357	42.143	1770.000	1.006	42.143	1.060
219	9.014	17.073	700	0.915	22.238	13.238	556	1.063	13.238	1.162	11.071	465	1.026	11.071	13.238	556	1.063	13.238	1.036	22.238	934	1.192	22.238	58.024	2437	1.492	58.024	1.252
220	9.055	19.083	687	0.983	26.190	16.833	707	1.298	16.833	1.320	10.119	425	0.914	10.119	16.833	707	1.298	16.833	1.420	26.190	1100	1.349	26.190	82.500	3465	1.974	82.500	1.464
221	12.093	23.411	1311	1.178	22.595	18.810	790	1.410	18.810	1.197	13.929	585	1.238	13.929	18.810	790	1.410	18.810	1.140	22.595	949	1.137	22.595	66.429	2790	1.534	66.429	1.349
222	12.500	27.800	1668	1.421	30.071	20.310	853	1.552	20.310	1.092	15.357	645	1.393	15.357	20.310	853	1.552	20.310	1.114	30.071	1263	1.538	30.071	81.238	3412	1.859	81.238	1.209
223	16.070	26.931	1939	1.415	24.167	18.286	768	1.420	18.286	1.003	13.095	550	1.185	13.095	18.286	768	1.420	18.286	1.198	24.167	1015	1.270	24.167	78.595	3301.000	1.799	78.595	1.416
224	19.007	24.353	2070	1.296	28.905	17.190	722	1.340	17.190	1.034	16.119	677	1.479	16.119	17.190	722	1.340	17.190	0.906	28.905	1214	1.539	28.905	86.167	3619	1.982	86.167	1.288
225	14.509	27.662	1798	1.491	27.881	24.024	1009.000	1.890	24.024	1.267	20.881	877	1.922	20.881	24.024	1009.000	1.890	24.024	0.983	27.881	1171	1.503	27.881	88.976	3737	2.063	88.976	1.373
226	14.009	28	1764	1.479	23.548	21.405	899	1.671	21.405	1.130	13.690	575	1.245	13.690	21.405	899	1.671	21.405	1.343	23.548	989	1.244	23.548	66.548	2795	1.520	66.548	1.222
227	12	16.367	982	0.887	22.976	13.095	550	1.040	13.095	1.172	17.095	718	1.578	17.095	13.095	550	1.040	13.095	0.659	22.976	965.000	1.245	22.976	74.143	3114	1.708	74.143	1.372
228	15.532	32.696	2583	1.776	21.976	19.619	824	1.547	19.619	0.871	10.548	443	0.972	10.548	19.619	824	1.547	19.619	1.592	21.976	923.000	1.194	21.976	111.262	4673	2.568	111.262	2.152
229	15.628	28.397	1789	1.580	34.738	20.381	856	1.633	20.381	1.034	7.952	334	0.743	7.952	20.381	856	1.633	20.381	2.197	34.738	1459	1.932	34.738	85.571	3594	1.987	85.571	1.028
230	15.532	25.544	2018	1.504	26.214	18.905	794	1.567	18.905	1.042	11.786	495.000	1.126	11.786	18.905	794	1.567	18.905	1.391	26.214	1101	1.543	26.214	89.214	3747.000	2.103	89.214	1.363
231	15.403	23.579	1792	1.365	27.619	21.524	904.000	1.760	21.524	1.290	9.619	404	0.909	9.619	21.524	904.000	1.760	21.524	1.936	27.619	1160	1.599	27.619	77.143	3240	1.805	77.143	1.129
232	12.510	25.596	1459	1.495	22.667	14.452	607	1.183	14.452	0.792	11.024	463	1.045	11.024	14.452	607	1.183	14.452	1.132	22.667	952	1.324	22.667	97.690	4103	2.273	97.690	1.717
233	14.036	23.643	1655	1.389	21.381	16.190	680	1.343	16.190	0.966	14.476	608	1.379	14.476	16.190	680	1.343	16.190	0.973	21.381	898	1.257	21.381	84.571	3552	2.008	84.571	1.598
234	15	18.333	1375	1.064	20.762	14.667	616	1.203	14.667	1.130	14.167	595	1.351	14.167	14.667	616	1.203	14.667	0.890	20.762	872	1.205	20.762	74.833	3143	1.758	74.833	1.458
235	15.532	22.662	1745	1.327	25.952	13.810	580	1.140	13.810	0.859	9.357	393	0.890	9.357	13.810	580	1.140	13.810	1.282	25.952	1090	1.520	25.952	75.714	3180.000	1.797	75.714	1.183
236	13.647	19.891	1094	1.167	22.571	11.429	480	0.938	11.429	0.804	11.262	473.000	1.066	11.262	11.429	480	0.938	11.429	0.880	22.571	948.000	1.324	22.571	74.857	3144	1.750	74.857	1.322
237	14.534	28.517	1654	1.696	18.048	15.024	631	1.237	15.024	0.729	7.881	331	0.753	7.881	15.024	631	1.237	15.024	1.644	18.048	758	1.073	18.048	69.952	2938	1.671	69.952	1.557
238	17.263	25.235	1716	1.507	24.310	12.738	535	1.057	12.738	0.701	14.619	614	1.403	14.619	12.738	535	1.057	12.738	0.753	24.310	1021	1.452	24.310	65.833	2765	1.562	65.833	1.076
239	13.946	20.182	1332	1.228	15.619	19.952	838	1.676	19.952	1.365	11.929	501	1.153	11.929	19.952	838	1.676	19.952	1.454	15.619	656	0.950	15.619	75.452	3169	1.787	75.452	1.880
240	12.369	22.704	1226	1.388	25.500	14.738	619	1.234	14.738	0.889	13.857	582	1.337	13.857	14.738	619	1.234	14.738	0.923	25.500	1071	1.559	25.500	73.333	3080	1.729	73.333	1.109
