Frame	Mem Length	A-CatApicalMean	A-CatApicalSum	A-CatApicalNorm	A-CatApicalVertices	ActinApicalMean	ActinApicalSum	ActinApicalNorm	ActinApicalVertices	ApicalRatio	A-CatMedialMean	A-CatMedialSum	A-CatMedialNorm	A-CatMedialVertices	ActinMedialMean	ActinMedialSum	ActinMedialNorm	ActinMedialVertices	MedialRatio	A-CatBasalMean	A-CatBasalSum	A-CatBasalNorm	A-CatBasalVertices	ActinBasalMean	ActinBasalSum	ActinBasalNorm	ActinBasalVertices	BasalRatio
1	20.815	42.833	4369	2.194	51.024	78.833	3311	2.988	78.833	1.362	51.024	2143	2.614	51.024	78.833	3311	2.988	78.833	1.143	88.619	3722	2.290	88.619	61.881	2599	1.415	61.881	0.618
2	19.780	44.452	3734.000	2.326	48.976	65.262	2741	2.549	65.262	1.096	48.976	2057	2.562	48.976	65.262	2741	2.549	65.262	0.995	77.214	3243.000	2.022	77.214	44.857	1884.000	1.027	44.857	0.508
3	18.668	27.775	2472	1.470	35.762	50.786	2133	2.020	50.786	1.375	35.762	1502	1.892	35.762	50.786	2133	2.020	50.786	1.068	73.810	3100	1.936	73.810	39.571	1662	0.908	39.571	0.469
4	18.200	35.010	3361	1.755	43.690	48.333	2030	1.801	48.333	1.026	43.690	1835	2.190	43.690	48.333	2030	1.801	48.333	0.822	86.857	3648	2.226	86.857	45.071	1893	1.046	45.071	0.470
5	15.403	31.145	2367	1.596	28.262	48.881	2053	1.881	48.881	1.179	28.262	1187	1.448	28.262	48.881	2053	1.881	48.881	1.299	75.714	3180.000	1.959	75.714	37.976	1595	0.878	37.976	0.448
6	16.621	29.556	2394	1.557	29.786	40.286	1692	1.600	40.286	1.027	29.786	1251	1.569	29.786	40.286	1692	1.600	40.286	1.019	82.238	3454	2.143	82.238	39.500	1659	0.921	39.500	0.430
7	15.508	36.853	2764	1.868	34.214	48.286	2028	1.856	48.286	0.993	34.214	1437	1.734	34.214	48.286	2028	1.856	48.286	1.070	90.238	3790	2.327	90.238	55.571	2334	1.298	55.571	0.558
8	14.577	24.500	1617	1.298	42.381	53.119	2231	2.143	53.119	1.650	42.381	1780	2.246	42.381	53.119	2231	2.143	53.119	0.954	93.190	3914	2.433	93.190	54.595	2293	1.269	54.595	0.522
9	12.093	39.436	2169	2.142	32.762	51.238	2152	2.111	51.238	0.986	32.762	1376	1.779	32.762	51.238	2152	2.111	51.238	1.187	74.905	3146.000	1.968	74.905	53.619	2252	1.249	53.619	0.635
10	14.916	36.732	2608	2.006	32.238	38.048	1598.000	1.567	38.048	0.781	32.238	1354	1.760	32.238	38.048	1598.000	1.567	38.048	0.890	81.167	3409	2.170	81.167	44.238	1858	1.030	44.238	0.475
11	14.116	41.143	2592	2.172	37.738	44.071	1851	1.741	44.071	0.801	37.738	1585	1.992	37.738	44.071	1851	1.741	44.071	0.874	76.929	3231	2.030	76.929	55.190	2318	1.280	55.190	0.631
12	12.021	29.947	1707	1.685	35.452	48.952	2056	2.082	48.952	1.236	35.452	1489.000	1.995	35.452	48.952	2056	2.082	48.952	1.044	75.952	3190	2.040	75.952	56.690	2381	1.313	56.690	0.643
13	13.038	39.831	2589	2.316	41.143	44.881	1885	1.981	44.881	0.855	41.143	1728.000	2.393	41.143	44.881	1885	1.981	44.881	0.828	94.024	3949	2.565	94.024	60.143	2526	1.397	60.143	0.545
14	14.560	38.577	3009.000	2.196	30.357	44.976	1889	1.945	44.976	0.886	30.357	1275	1.728	30.357	44.976	1889	1.945	44.976	1.126	82.524	3466	2.259	82.524	43.286	1818	1.012	43.286	0.448
15	15.297	56.733	3404	3.151	38.762	57.095	2398	2.397	57.095	0.761	38.762	1628	2.153	38.762	57.095	2398	2.397	57.095	1.114	73.619	3092	1.998	73.619	52.119	2189	1.224	52.119	0.612
16	12.590	41.596	2371	2.251	39.905	68.667	2884	2.826	68.667	1.255	39.905	1676	2.160	39.905	68.667	2884	2.826	68.667	1.308	89.214	3747.000	2.416	89.214	55.429	2328	1.314	55.429	0.544
17	13.038	47.321	2508	2.720	44.476	60.548	2543	2.665	60.548	0.980	44.476	1868	2.557	44.476	60.548	2543	2.665	60.548	1.042	75.667	3178	2.101	75.667	59.881	2515	1.415	59.881	0.673
18	13.928	40.400	2828	2.319	47.548	58.833	2471	2.574	58.833	1.110	47.548	1997.000	2.730	47.548	58.833	2471	2.574	58.833	0.943	104.810	4402	2.917	104.810	50.905	2138	1.205	50.905	0.413
19	15.232	43.484	2696	2.447	37.500	55.167	2317	2.339	55.167	0.956	37.500	1575	2.110	37.500	55.167	2317	2.339	55.167	1.108	79.429	3336	2.189	79.429	58.905	2474	1.395	58.905	0.637
20	11.543	36.750	1911	2.114	36.238	53.119	2231	2.344	53.119	1.109	36.238	1522	2.084	36.238	53.119	2231	2.344	53.119	1.125	81.190	3410	2.265	81.190	55.476	2330	1.316	55.476	0.581
21	10.920	35.491	2023	2.083	36.929	61.048	2564	2.705	61.048	1.299	36.929	1551	2.167	36.929	61.048	2564	2.705	61.048	1.248	97.048	4076	2.739	97.048	57.214	2403	1.347	57.214	0.492
22	10.595	36.245	1776	2.120	41.857	63.214	2655	2.843	63.214	1.341	41.857	1758.000	2.448	41.857	63.214	2655	2.843	63.214	1.161	76.786	3225.000	2.166	76.786	53.143	2232	1.261	53.143	0.582
23	9.487	41.929	1761	2.442	39.429	57.119	2399	2.547	57.119	1.043	39.429	1656	2.296	39.429	57.119	2399	2.547	57.119	1.109	60.619	2546	1.712	60.619	54.881	2305	1.309	54.881	0.765
24	9.192	33.545	1476	1.918	37.357	68.214	2865.000	2.974	68.214	1.550	37.357	1569.000	2.136	37.357	68.214	2865.000	2.974	68.214	1.392	82.548	3467	2.323	82.548	56.048	2354	1.340	56.048	0.577
25	8.276	29.857	1254	1.814	48.190	65.786	2763.000	3.102	65.786	1.710	48.190	2024	2.927	48.190	65.786	2763.000	3.102	65.786	1.060	104.119	4373	2.997	104.119	53.810	2260	1.284	53.810	0.429
26	9.618	38.620	1931.000	2.407	42.476	50.929	2139	2.453	50.929	1.019	42.476	1784	2.648	42.476	50.929	2139	2.453	50.929	0.926	85.381	3586	2.513	85.381	51.976	2183	1.242	51.976	0.494
27	9.849	35.625	1710	2.107	35.405	51.667	2170	2.343	51.667	1.112	35.405	1487	2.094	35.405	51.667	2170	2.343	51.667	1.119	72.619	3050	2.081	72.619	33.143	1392.000	0.795	33.143	0.382
28	9.862	28.702	1349	1.725	26.262	37	1554	1.720	37	0.997	26.262	1103	1.578	26.262	37	1554	1.720	37	1.090	67.643	2841	1.964	67.643	39.262	1649	0.946	39.262	0.482
29	10.062	46.700	2335	2.872	36.786	42.833	1799	2.050	42.833	0.714	36.786	1545	2.262	36.786	42.833	1799	2.050	42.833	0.906	67.214	2823.000	2.007	67.214	33.548	1409.000	0.804	33.548	0.400
30	8.732	29.814	1282	1.792	36.857	50.333	2114	2.334	50.333	1.302	36.857	1548.000	2.215	36.857	50.333	2114	2.334	50.333	1.053	79.429	3336	2.336	79.429	42.524	1786	1.026	42.524	0.439
31	8.078	21.571	755	1.292	32.857	44.548	1871.000	2.060	44.548	1.594	32.857	1380.000	1.969	32.857	44.548	1871.000	2.060	44.548	1.047	68	2856	1.982	68	43.857	1842.000	1.056	43.857	0.533
32	8.276	27.674	1190	1.708	27.452	39.071	1641	1.876	39.071	1.098	27.452	1153	1.695	27.452	39.071	1641	1.876	39.071	1.107	56.833	2387	1.662	56.833	51.643	2169	1.243	51.643	0.748
33	8.276	20.884	898.000	1.344	24.786	36.071	1515	1.797	36.071	1.337	24.786	1041	1.595	24.786	36.071	1515	1.797	36.071	1.127	62.095	2608	1.870	62.095	59.238	2488	1.415	59.238	0.756
34	13.285	31.651	1994	1.985	30.905	39	1638	1.861	39	0.938	30.905	1298	1.938	30.905	39	1638	1.861	39	0.961	57.381	2410	1.701	57.381	46.095	1936	1.107	46.095	0.651
35	11.543	20.842	1188	1.374	23.286	41.095	1726	2.099	41.095	1.528	23.286	978	1.535	23.286	41.095	1726	2.099	41.095	1.367	70.167	2947	2.133	70.167	50.310	2113	1.203	50.310	0.564
36	11.281	26.944	1455	1.756	23.286	43.119	1811	2.170	43.119	1.236	23.286	978	1.518	23.286	43.119	1811	2.170	43.119	1.430	76.333	3206	2.298	76.333	56.143	2358	1.353	56.143	0.589
37	12.500	21.576	1273	1.440	22.214	37.905	1592	1.979	37.905	1.374	22.214	933	1.483	22.214	37.905	1592	1.979	37.905	1.335	68.881	2893	2.120	68.881	59.857	2514	1.429	59.857	0.674
38	12.166	22	1100	1.467	31.881	29	1218	1.511	29	1.030	31.881	1339	2.125	31.881	29	1218	1.511	29	0.711	56.738	2383	1.762	56.738	47.595	1999	1.136	47.595	0.645
39	11	23.291	1281	1.572	22.357	36.595	1537	1.924	36.595	1.224	22.357	939	1.509	22.357	36.595	1537	1.924	36.595	1.275	67.833	2849	2.120	67.833	60.357	2535	1.440	60.357	0.679
40	11.597	26	1378	1.793	26.881	30.381	1276	1.661	30.381	0.926	26.881	1129	1.854	26.881	30.381	1276	1.661	30.381	0.896	60.786	2553	1.940	60.786	66.643	2799	1.579	66.643	0.814
41	12.590	16.750	938	1.148	27.357	49.833	2093	2.682	49.833	2.337	27.357	1149	1.874	27.357	49.833	2093	2.682	49.833	1.431	71.976	3023	2.283	71.976	44.857	1884.000	1.067	44.857	0.468
42	14.270	19.824	1467	1.332	23.500	32.690	1373	1.732	32.690	1.300	23.500	987	1.579	23.500	32.690	1373	1.732	32.690	1.097	68.905	2894.000	2.156	68.905	58.333	2450	1.397	58.333	0.648
43	14.577	27.576	1820	1.885	29.643	46.857	1968.000	2.544	46.857	1.349	29.643	1245	2.027	29.643	46.857	1968.000	2.544	46.857	1.255	65.429	2748	2.060	65.429	66.619	2798	1.599	66.619	0.776
44	14.870	28.838	2134	1.915	22.429	52.524	2206	2.718	52.524	1.420	22.429	942.000	1.489	22.429	52.524	2206	2.718	52.524	1.825	75.714	3180.000	2.314	75.714	68.714	2886.000	1.651	68.714	0.714
45	17.502	21.619	1816	1.542	23.762	41.524	1744	2.375	41.524	1.540	23.762	998	1.695	23.762	41.524	1744	2.375	41.524	1.401	74.286	3120.000	2.449	74.286	56.476	2372	1.351	56.476	0.552
46	14.396	34.194	2120	2.421	24.643	50.024	2101	2.845	50.024	1.175	24.643	1035	1.745	24.643	50.024	2101	2.845	50.024	1.630	78.405	3293.000	2.586	78.405	56.071	2355	1.343	56.071	0.519
47	14.904	21	1575	1.478	21.262	40.905	1718	2.287	40.905	1.547	21.262	893	1.497	21.262	40.905	1718	2.287	40.905	1.528	76.881	3229	2.513	76.881	50.833	2135	1.214	50.833	0.483
48	17.410	20.130	1852	1.441	21.714	39.286	1650	2.215	39.286	1.537	21.714	912	1.554	21.714	39.286	1650	2.215	39.286	1.425	63.738	2677	2.119	63.738	50.381	2116	1.192	50.381	0.562
49	18.537	23.677	2202	1.737	22.571	47.071	1977	2.788	47.071	1.605	22.571	948.000	1.656	22.571	47.071	1977	2.788	47.071	1.683	63	2646	2.161	63	42.143	1770.000	0.996	42.143	0.461
50	18.002	21.157	1883.000	1.535	21.262	31.643	1329	1.839	31.643	1.198	21.262	893	1.543	21.262	31.643	1329	1.839	31.643	1.192	60.667	2548	2.048	60.667	59.119	2483	1.401	59.119	0.684
51	19.172	22.061	2184	1.653	22.571	36.095	1516	2.224	36.095	1.346	22.571	948.000	1.691	22.571	36.095	1516	2.224	36.095	1.315	74.429	3126	2.674	74.429	58.881	2473	1.553	58.881	0.581
52	18.441	17.347	1648	1.341	15.905	28.786	1209	1.856	28.786	1.384	15.905	668	1.230	15.905	28.786	1209	1.856	28.786	1.510	61.571	2586	2.314	61.571	53.548	2249	1.447	53.548	0.626
53	22.081	22.214	2599	1.649	22.214	33.595	1411	2.058	33.595	1.248	22.214	933	1.649	22.214	33.595	1411	2.058	33.595	1.248	48.786	2049	1.742	48.786	31.881	1339	0.854	31.881	0.490
54	19.827	18.056	1625.000	1.380	17	29.667	1246	1.883	29.667	1.365	17	714	1.299	17	29.667	1246	1.883	29.667	1.449	71.857	3018	2.606	71.857	43.667	1834	1.172	43.667	0.450
55	17.017	27.084	2248	2.073	32.405	37.238	1564	2.367	37.238	1.142	32.405	1361	2.480	32.405	37.238	1564	2.367	37.238	0.954	60.214	2529	2.243	60.214	41.762	1754	1.142	41.762	0.509
56	14.705	18.149	1216	1.374	23.810	32.190	1352	1.994	32.190	1.451	23.810	1000	1.802	23.810	32.190	1352	1.994	32.190	1.106	62.905	2642	2.308	62.905	51.500	2163	1.420	51.500	0.615
57	10.892	24.458	1174	1.826	22.929	25.238	1060	1.550	25.238	0.849	22.929	963.000	1.712	22.929	25.238	1060	1.550	25.238	0.906	62.833	2639	2.251	62.833	52.762	2216	1.461	52.762	0.649
58	12.966	24.697	1630	1.796	21.738	31.214	1311	1.848	31.214	1.029	21.738	913	1.581	21.738	31.214	1311	1.848	31.214	1.169	54.905	2306	1.929	54.905	42.548	1787.000	1.183	42.548	0.613
59	13	23.246	1511	1.675	15.071	29.071	1221	1.716	29.071	1.025	15.071	633	1.086	15.071	29.071	1221	1.716	29.071	1.580	66.714	2802.000	2.297	66.714	40.262	1691	1.091	40.262	0.475
60	11.845	21.291	1171	1.582	25	32.286	1356	1.955	32.286	1.236	25	1050	1.857	25	32.286	1356	1.955	32.286	1.053	54.452	2287	1.914	54.452	42.905	1802	1.100	42.905	0.575
61	12.021	20.877	1190	1.492	27.548	38.976	1637	2.228	38.976	1.493	27.548	1157	1.969	27.548	38.976	1637	2.228	38.976	1.132	50.143	2106	1.713	50.143	51.095	2146	1.293	51.095	0.755
62	6.755	28.531	913	2.028	21.333	32.524	1366	1.850	32.524	0.912	21.333	896	1.516	21.333	32.524	1366	1.850	32.524	1.220	52.595	2209	1.760	52.595	42.524	1786	1.070	42.524	0.608
63	10.753	22.418	1233	1.556	18.143	47.619	2000	2.616	47.619	1.682	18.143	762	1.259	18.143	47.619	2000	2.616	47.619	2.078	56.810	2386	1.857	56.810	43.952	1846.000	1.105	43.952	0.595
64	13.002	33.695	1988	2.356	42.095	51.476	2162	2.856	51.476	1.212	42.095	1768	2.943	42.095	51.476	2162	2.856	51.476	0.970	57.548	2417	1.882	57.548	42.381	1780	1.060	42.381	0.563
65	12.750	23.185	1507	1.600	29.429	47.262	1985	2.566	47.262	1.603	29.429	1236	2.031	29.429	47.262	1985	2.566	47.262	1.263	65.667	2758	2.095	65.667	50.310	2113	1.249	50.310	0.596
66	11.761	25.288	1315	1.710	18.452	39.476	1658	2.117	39.476	1.238	18.452	775	1.248	18.452	39.476	1658	2.117	39.476	1.696	78.786	3309.000	2.499	78.786	45.786	1923	1.130	45.786	0.452
67	11.524	15.564	856	1.043	26.643	47.167	1981	2.511	47.167	2.408	26.643	1119	1.785	26.643	47.167	1981	2.511	47.167	1.407	66	2772	2.078	66	66.095	2776.000	1.642	66.095	0.791
68	13.060	29.966	1768	2.101	29.238	33.357	1401.000	1.865	33.357	0.888	29.238	1228	2.050	29.238	33.357	1401.000	1.865	33.357	0.910	64.143	2694	2.090	64.143	52.714	2214	1.290	52.714	0.617
69	13.271	23.254	1372	1.610	16.929	27.333	1148	1.493	27.333	0.927	16.929	711.000	1.172	16.929	27.333	1148	1.493	27.333	1.273	67.976	2855	2.198	67.976	51.619	2168	1.268	51.619	0.577
70	12.127	26.818	1475	1.878	19.476	32.571	1368	1.833	32.571	0.976	19.476	818.000	1.364	19.476	32.571	1368	1.833	32.571	1.344	71.929	3021	2.378	71.929	51.929	2181	1.282	51.929	0.539
71	12.023	26.600	1596	1.889	19.024	34.929	1467	1.993	34.929	1.055	19.024	799.000	1.351	19.024	34.929	1467	1.993	34.929	1.475	69.929	2937	2.321	69.929	51.048	2144	1.253	51.048	0.540
72	11.180	21.123	1204	1.523	26.952	28.262	1187	1.637	28.262	1.075	26.952	1132	1.943	26.952	28.262	1187	1.637	28.262	0.842	60.310	2533	2.070	60.310	69.286	2910.000	1.760	69.286	0.850
73	8.934	21.951	900.000	1.584	24.786	32.738	1375	1.907	32.738	1.204	24.786	1041	1.789	24.786	32.738	1375	1.907	32.738	1.066	64.810	2722	2.212	64.810	53.524	2248	1.324	53.524	0.599
74	12.412	21.145	1311	1.520	24.690	29.667	1246	1.715	29.667	1.128	24.690	1037	1.775	24.690	29.667	1246	1.715	29.667	0.966	62.524	2626	2.106	62.524	47.762	2006	1.185	47.762	0.563
75	13.757	24.044	1635	1.777	24.881	32.143	1350.000	1.938	32.143	1.090	24.881	1045	1.839	24.881	32.143	1350.000	1.938	32.143	1.054	58.167	2443	2.045	58.167	50.881	2137	1.277	50.881	0.625
76	11.339	18.983	1101	1.408	31.190	25.333	1064	1.553	25.333	1.103	31.190	1310	2.314	31.190	25.333	1064	1.553	25.333	0.671	48.976	2057	1.740	48.976	52.024	2185	1.350	52.024	0.776
77	12.730	21.554	1401	1.623	21.238	27.214	1143	1.694	27.214	1.044	21.238	892	1.599	21.238	27.214	1143	1.694	27.214	1.059	67.786	2847.000	2.400	67.786	50.714	2130	1.277	50.714	0.532
78	10.539	19.623	1040	1.464	16.286	32.381	1360	2.001	32.381	1.367	16.286	684	1.215	16.286	32.381	1360	2.001	32.381	1.647	64.310	2701	2.295	64.310	61.714	2592	1.528	61.714	0.666
79	10.866	15.556	840	1.203	14.905	22.738	955	1.467	22.738	1.220	14.905	626	1.152	14.905	22.738	955	1.467	22.738	1.273	56.405	2369	2.059	56.405	71.667	3010	1.749	71.667	0.850
80	12.495	23.779	1617	1.767	20.762	23.690	995	1.446	23.690	0.819	20.762	872	1.543	20.762	23.690	995	1.446	23.690	0.938	61.405	2579	2.159	61.405	52.619	2210	1.290	52.619	0.598
81	11.404	13.480	674	1.016	12.881	29.810	1252	1.856	29.810	1.827	12.881	541	0.971	12.881	29.810	1252	1.856	29.810	1.912	46.214	1941	1.657	46.214	43.762	1838	1.074	43.762	0.648
82	8.934	21.457	987	1.593	20.167	32.262	1355	1.967	32.262	1.235	20.167	847	1.497	20.167	32.262	1355	1.967	32.262	1.314	57.738	2425	2.039	57.738	54.571	2292	1.356	54.571	0.665
83	13.777	25.891	1657	1.834	20.048	29.738	1249	1.707	29.738	0.931	20.048	842	1.420	20.048	29.738	1249	1.707	29.738	1.202	63.762	2678	2.152	63.762	61.952	2602	1.539	61.952	0.715
84	13.328	25.886	1812	1.879	20.714	36.429	1530	2.166	36.429	1.153	20.714	870	1.504	20.714	36.429	1530	2.166	36.429	1.440	62.405	2621	2.141	62.405	67.738	2845	1.685	67.738	0.787
85	10.983	32.038	1666	2.291	26.500	55.143	2316	3.201	55.143	1.397	26.500	1113	1.895	26.500	55.143	2316	3.201	55.143	1.689	64.643	2715	2.210	64.643	51.643	2169	1.292	51.643	0.585
86	11.424	25.983	1559	1.843	24.167	41.857	1758.000	2.391	41.857	1.297	24.167	1015	1.714	24.167	41.857	1758.000	2.391	41.857	1.395	69.667	2926	2.368	69.667	50.857	2136	1.297	50.857	0.548
87	11.792	25.983	1507	1.786	22.786	29.048	1220	1.597	29.048	0.894	22.786	957	1.567	22.786	29.048	1220	1.597	29.048	1.019	65.976	2771	2.155	65.976	38.286	1608	0.965	38.286	0.448
88	13.174	20.466	1494	1.396	27.619	35.024	1471	1.895	35.024	1.357	27.619	1160	1.884	27.619	35.024	1471	1.895	35.024	1.006	53.976	2267	1.757	53.976	54.238	2278	1.351	54.238	0.769
89	14.485	25.720	1929	1.763	31.024	33.881	1423	1.853	33.881	1.051	31.024	1303	2.127	31.024	33.881	1423	1.853	33.881	0.871	86.190	3620	2.813	86.190	44.095	1852	1.100	44.095	0.391
90	10.446	26.431	1533	1.844	22.881	21.738	913	1.223	21.738	0.664	22.881	961	1.596	22.881	21.738	913	1.223	21.738	0.767	60.738	2551	2.036	60.738	45.571	1914	1.134	45.571	0.557
91	8.404	19.098	783	1.314	25.143	24.095	1012	1.318	24.095	1.003	25.143	1056	1.730	25.143	24.095	1012	1.318	24.095	0.762	66.762	2804	2.175	66.762	34.452	1447.000	0.862	34.452	0.396
92	11.448	25.966	1506	1.736	22.857	31.571	1326	1.679	31.571	0.967	22.857	960	1.528	22.857	31.571	1326	1.679	31.571	1.099	78.333	3290	2.504	78.333	55.524	2332	1.390	55.524	0.555
93	10.854	25.261	1162	1.715	27.952	36.310	1525	1.967	36.310	1.146	27.952	1174	1.898	27.952	36.310	1525	1.967	36.310	1.036	74.571	3132	2.411	74.571	52.286	2196	1.309	52.286	0.543
94	8.404	23.400	936	1.536	26.524	43.738	1837	2.267	43.738	1.476	26.524	1114	1.741	26.524	43.738	1837	2.267	43.738	1.302	61.786	2595	1.960	61.786	49.048	2060	1.228	49.048	0.627
95	9.991	24.943	1322	1.622	22.143	28.929	1215	1.481	28.929	0.913	22.143	930	1.440	22.143	28.929	1215	1.481	28.929	1.028	69.690	2927	2.175	69.690	55.143	2316	1.384	55.143	0.636
96	12.649	25.971	1766	1.669	27.929	31.452	1321	1.596	31.452	0.956	27.929	1173	1.795	27.929	31.452	1321	1.596	31.452	0.889	65.500	2751	2.025	65.500	61.976	2603	1.556	61.976	0.768
97	12.495	20.345	1180	1.314	26.333	34.167	1435	1.742	34.167	1.326	26.333	1106	1.701	26.333	34.167	1435	1.742	34.167	1.024	51.500	2163	1.605	51.500	52.381	2200	1.315	52.381	0.819
98	12.500	24.656	1504	1.631	26.286	35.643	1497.000	1.878	35.643	1.151	26.286	1104	1.739	26.286	35.643	1497.000	1.878	35.643	1.080	69.286	2910.000	2.187	69.286	42.119	1769	1.056	42.119	0.483
99	12.003	20.492	1250	1.335	19.905	35.167	1477	1.813	35.167	1.359	19.905	836	1.296	19.905	35.167	1477	1.813	35.167	1.399	67.929	2853	2.152	67.929	39.333	1652	1.003	39.333	0.466
100	10.977	19.712	1025	1.229	35.119	40.524	1702	1.977	40.524	1.609	35.119	1475	2.189	35.119	40.524	1702	1.977	40.524	0.903	64.595	2713.000	1.954	64.595	40.048	1682.000	1.011	40.048	0.517
101	10.407	24.086	1397	1.490	28.571	37.286	1566	1.793	37.286	1.203	28.571	1200	1.767	28.571	37.286	1566	1.793	37.286	1.014	79.714	3348.000	2.382	79.714	35.929	1509	0.913	35.929	0.383
102	12.260	33.267	1996	2.022	33.595	43.167	1813	2.048	43.167	1.013	33.595	1411	2.042	33.595	43.167	1813	2.048	43.167	1.003	77.405	3251.000	2.301	77.405	38.833	1631	0.985	38.833	0.428
103	11.654	23.036	1290	1.417	24.714	34.071	1431	1.649	34.071	1.164	24.714	1038	1.520	24.714	34.071	1431	1.649	34.071	1.085	70.214	2949.000	2.095	70.214	31.524	1324	0.798	31.524	0.381
104	9.169	26.283	1393	1.678	28	25.286	1062	1.264	25.286	0.753	28	1176	1.788	28	25.286	1062	1.264	25.286	0.707	62.310	2617	1.909	62.310	46.548	1955.000	1.172	46.548	0.614
105	12.816	18.781	1202	1.191	22.452	23.119	971	1.147	23.119	0.963	22.452	943	1.424	22.452	23.119	971	1.147	23.119	0.806	49.333	2072	1.516	49.333	40.119	1685	1.010	40.119	0.666
106	11.339	28.308	1472	1.730	30.429	36.810	1546	1.765	36.810	1.020	30.429	1278	1.859	30.429	36.810	1546	1.765	36.810	0.949	66.738	2803	2.001	66.738	35	1470	0.883	35	0.441
107	12.127	30.180	1841	1.876	31.119	48.524	2038	2.370	48.524	1.263	31.119	1307	1.935	31.119	48.524	2038	2.370	48.524	1.225	80.262	3371	2.457	80.262	39.643	1665.000	1.000	39.643	0.407
108	15.524	21.443	1694	1.321	26.333	41.786	1755	1.998	41.786	1.512	26.333	1106	1.622	26.333	41.786	1755	1.998	41.786	1.231	76.571	3216	2.303	76.571	40.833	1715	1.033	40.833	0.449
109	19.015	23.505	2233	1.442	33.405	44.548	1871.000	2.124	44.548	1.473	33.405	1403	2.049	33.405	44.548	1871.000	2.124	44.548	1.037	75.429	3168	2.267	75.429	29.905	1256	0.758	29.905	0.334
110	13.777	33.014	2410	2.077	38.857	48.619	2042	2.365	48.619	1.139	38.857	1632.000	2.444	38.857	48.619	2042	2.365	48.619	0.968	72.500	3045	2.206	72.500	50.619	2126	1.273	50.619	0.577
111	12.442	36.233	2174	2.257	40.167	74.143	3114	3.576	74.143	1.585	40.167	1687	2.502	40.167	74.143	3114	3.576	74.143	1.429	61.524	2584	1.878	61.524	53.548	2249	1.386	53.548	0.738
112	12.068	38.607	2162	2.316	42.548	48.286	2028	2.228	48.286	0.962	42.548	1787.000	2.552	42.548	48.286	2028	2.228	48.286	0.873	80.024	3361	2.355	80.024	32.286	1356	0.818	32.286	0.348
113	10.934	35.019	1891	2.141	33.143	52.310	2197	2.486	52.310	1.161	33.143	1392.000	2.026	33.143	52.310	2197	2.486	52.310	1.227	72.095	3028.000	2.145	72.095	37.214	1563	0.936	37.214	0.436
114	9.582	41.558	1787	2.510	29.405	53.357	2241	2.472	53.357	0.985	29.405	1235	1.776	29.405	53.357	2241	2.472	53.357	1.392	83.524	3508	2.486	83.524	42.667	1792	1.072	42.667	0.431
115	9.277	45.500	1911	2.616	32.929	51.071	2145	2.263	51.071	0.865	32.929	1383	1.893	32.929	51.071	2145	2.263	51.071	1.195	87.262	3665	2.513	87.262	42.810	1798	1.081	42.810	0.430
116	8.793	53.690	2255	3.143	43.738	73.167	3073	3.281	73.167	1.044	43.738	1837	2.560	43.738	73.167	3073	3.281	73.167	1.282	84.905	3566.000	2.476	84.905	43.595	1831	1.100	43.595	0.444
117	6.973	50.344	1611	2.830	47.238	61.738	2593	2.640	61.738	0.933	47.238	1984	2.655	47.238	61.738	2593	2.640	61.738	0.994	81.405	3419.000	2.372	81.405	40.262	1691	1.016	40.262	0.428
118	10.831	40.807	2326	2.475	29.976	34.429	1446	1.602	34.429	0.647	29.976	1259	1.818	29.976	34.429	1446	1.602	34.429	0.881	87.905	3692.000	2.636	87.905	35.667	1498	0.897	35.667	0.340
119	14.560	29.973	2218	1.692	39.810	39.786	1671	1.708	39.786	1.009	39.810	1672	2.248	39.810	39.786	1671	1.708	39.786	0.760	57.929	2433	1.674	57.929	36.476	1532	0.925	36.476	0.553
120	12.966	33.708	2191	1.930	55.095	32.857	1380.000	1.429	32.857	0.741	55.095	2314	3.154	55.095	32.857	1380.000	1.429	32.857	0.453	63.571	2670	1.847	63.571	30.119	1265	0.759	30.119	0.411
121	9.250	31.479	1511	1.837	34.167	42.976	1805	1.893	42.976	1.030	34.167	1435	1.994	34.167	42.976	1805	1.893	42.976	0.949	56.405	2369	1.671	56.405	40.095	1684	1.006	40.095	0.602
122	10.041	39.571	2216	2.310	37.333	51.429	2160	2.290	51.429	0.991	37.333	1568	2.179	37.333	51.429	2160	2.290	51.429	1.051	87.024	3655	2.580	87.024	30.429	1278	0.770	30.429	0.298
123	14.009	34.515	2278	2.080	40.595	33.571	1410	1.555	33.571	0.748	40.595	1705	2.446	40.595	33.571	1410	1.555	33.571	0.636	77.405	3251.000	2.349	77.405	29.786	1251	0.753	29.786	0.321
124	12.777	33.478	2310	1.939	44.571	56.024	2353	2.500	56.024	1.289	44.571	1872	2.582	44.571	56.024	2353	2.500	56.024	0.968	63.857	2682	1.934	63.857	36.071	1515	0.913	36.071	0.472
125	16.211	32.345	2717	1.818	46.143	55.524	2332	2.381	55.524	1.310	46.143	1938.000	2.593	46.143	55.524	2332	2.381	55.524	0.918	78.571	3300	2.332	78.571	48.190	2024	1.214	48.190	0.520
126	16.101	39.836	2908	2.156	46.833	64.143	2694	2.618	64.143	1.214	46.833	1967	2.535	46.833	64.143	2694	2.618	64.143	1.033	80.500	3381	2.355	80.500	32.095	1348	0.806	32.095	0.342
127	14.545	29.309	2374	1.681	33.333	51.190	2150	2.221	51.190	1.321	33.333	1400	1.912	33.333	51.190	2150	2.221	51.190	1.162	74.881	3145	2.229	74.881	34.357	1443.000	0.863	34.357	0.387
128	12.522	28.333	1700	1.572	37.381	49.690	2087	2.095	49.690	1.333	37.381	1570	2.074	37.381	49.690	2087	2.095	49.690	1.010	72.095	3028.000	2.115	72.095	37.857	1590.000	0.956	37.857	0.452
129	10.407	29.700	1485	1.669	42.786	53.119	2231	2.261	53.119	1.355	42.786	1797	2.404	42.786	53.119	2231	2.261	53.119	0.941	73.524	3088	2.161	73.524	34.524	1450	0.870	34.524	0.403
130	9.569	22.413	1031	1.288	21.667	42.976	1805	1.873	42.976	1.454	21.667	910	1.245	21.667	42.976	1805	1.873	42.976	1.505	63.381	2662	1.887	63.381	37.429	1572	0.938	37.429	0.497
131	9.981	31.109	1431	1.791	39.952	49.857	2094	2.164	49.857	1.208	39.952	1678.000	2.301	39.952	49.857	2094	2.164	49.857	0.941	72.357	3039	2.150	72.357	37.881	1591	0.946	37.881	0.440
132	10.621	26.490	1351	1.515	31.619	41.762	1754	1.808	41.762	1.194	31.619	1328	1.808	31.619	41.762	1754	1.808	41.762	1.000	68.643	2883	2.019	68.643	48.571	2040	1.209	48.571	0.599
133	8.459	34.341	1408	1.904	25.667	54.786	2301	2.311	54.786	1.214	25.667	1078	1.423	25.667	54.786	2301	2.311	54.786	1.624	66.214	2781.000	1.918	66.214	48.643	2043.000	1.216	48.643	0.634
134	10.359	38.538	2004	2.111	44.929	56	2352	2.345	56	1.111	44.929	1887	2.460	44.929	56	2352	2.345	56	0.953	64.429	2706	1.863	64.429	39.095	1642	0.983	39.095	0.528
135	9.657	42.674	1963.000	2.371	50.024	45.548	1913.000	1.919	45.548	0.809	50.024	2101	2.779	50.024	45.548	1913.000	1.919	45.548	0.690	65.929	2769	1.955	65.929	55.524	2332	1.388	55.524	0.710
136	6.828	36.732	1506	2.040	34.929	56.286	2364	2.365	56.286	1.159	34.929	1467	1.940	34.929	56.286	2364	2.365	56.286	1.219	54.452	2287	1.592	54.452	52.238	2194	1.311	52.238	0.823
137	8.962	49.935	2297	2.864	36.762	44.262	1859	1.936	44.262	0.676	36.762	1544	2.108	36.762	44.262	1859	1.936	44.262	0.919	68.881	2893	2.017	68.881	48.310	2029	1.202	48.310	0.596
138	11.581	32.500	1690	1.906	31.667	49.857	2094	2.209	49.857	1.159	31.667	1330	1.857	31.667	49.857	2094	2.209	49.857	1.190	64.190	2696	1.910	64.190	51.357	2157	1.276	51.357	0.668
139	12.260	31.071	1740	1.835	31.190	54.262	2279	2.438	54.262	1.328	31.190	1310	1.842	31.190	54.262	2279	2.438	54.262	1.323	74.452	3127	2.221	74.452	52.857	2220	1.311	52.857	0.590
140	11.236	26.638	1545	1.587	20.452	41.929	1761	1.893	41.929	1.193	20.452	859	1.218	20.452	41.929	1761	1.893	41.929	1.554	74.381	3124	2.223	74.381	55.167	2317	1.363	55.167	0.613
141	12.582	30.158	1719	1.826	36.500	42.143	1770.000	1.934	42.143	1.059	36.500	1533	2.210	36.500	42.143	1770.000	1.934	42.143	0.875	85.619	3596	2.616	85.619	47.048	1976.000	1.155	47.048	0.441
142	10.277	39.407	2128	2.394	37.452	47.143	1980.000	2.178	47.143	0.910	37.452	1573.000	2.275	37.452	47.143	1980.000	2.178	47.143	0.957	70.667	2968	2.156	70.667	43	1806	1.059	43	0.491
143	8.620	24.957	1148	1.505	41.643	44.024	1849	2.020	44.024	1.343	41.643	1749.000	2.511	41.643	44.024	1849	2.020	44.024	0.805	69	2898	2.107	69	49.833	2093	1.227	49.833	0.582
144	8.404	28.775	1151	1.784	25.333	35.857	1506.000	1.702	35.857	0.954	25.333	1064	1.570	25.333	35.857	1506.000	1.702	35.857	1.084	78.048	3278	2.389	78.048	52.167	2191	1.280	52.167	0.536
145	7.906	34.472	1241	2.151	28.762	29.619	1244	1.413	29.619	0.657	28.762	1208	1.795	28.762	29.619	1244	1.413	29.619	0.787	66.429	2790	2.060	66.429	50.310	2113	1.230	50.310	0.597
146	7.941	33.949	1324	2.094	22.571	38.024	1597	1.779	38.024	0.850	22.571	948.000	1.392	22.571	38.024	1597	1.779	38.024	1.278	69.357	2913	2.110	69.357	39.119	1643	0.960	39.119	0.455
147	7.616	25	850	1.544	19.738	42.190	1772	1.991	42.190	1.289	19.738	829	1.219	19.738	42.190	1772	1.991	42.190	1.633	63.476	2666	1.963	63.476	46.452	1951.000	1.136	46.452	0.579
148	9.334	35.043	1612	2.220	38.143	45.095	1894	2.207	45.095	0.994	38.143	1602.000	2.416	38.143	45.095	1894	2.207	45.095	0.914	70.071	2943	2.208	70.071	52.333	2198	1.280	52.333	0.580
149	6.824	26.636	879	1.623	20.905	43	1806	1.992	43	1.227	20.905	878	1.274	20.905	43	1806	1.992	43	1.564	81.667	3430	2.492	81.667	57.643	2421	1.425	57.643	0.572
150	8.051	23.395	1006	1.425	22.643	47.381	1990	2.194	47.381	1.540	22.643	951	1.379	22.643	47.381	1990	2.194	47.381	1.591	71.167	2989	2.195	71.167	49.333	2072	1.206	49.333	0.549
151	6.500	24.500	882	1.532	30.476	36.619	1538	1.756	36.619	1.146	30.476	1280	1.906	30.476	36.619	1538	1.756	36.619	0.921	71.500	3003	2.241	71.500	52.405	2201	1.275	52.405	0.569
152	11.026	23.032	1451	1.414	21.738	33.857	1422.000	1.574	33.857	1.113	21.738	913	1.334	21.738	33.857	1422.000	1.574	33.857	1.179	52.095	2188	1.619	52.095	51.048	2144	1.240	51.048	0.766
153	11.982	35.983	2123	2.277	45.405	44.619	1874	2.165	44.619	0.951	45.405	1907	2.873	45.405	44.619	1874	2.165	44.619	0.754	67.548	2837	2.115	67.548	43.333	1820	1.052	43.333	0.497
154	9.839	27.040	1352	1.723	31.167	43.476	1826	2.123	43.476	1.232	31.167	1309	1.986	31.167	43.476	1826	2.123	43.476	1.069	64.119	2693	2.013	64.119	58.571	2460	1.422	58.571	0.706
155	10.957	32.717	1963	2.080	34.643	54.119	2273	2.632	54.119	1.266	34.643	1455.000	2.202	34.643	54.119	2273	2.632	54.119	1.195	90.357	3795	2.830	90.357	49.524	2080	1.206	49.524	0.426
156	10.398	35.370	1910.000	2.231	35.333	37.429	1572	1.792	37.429	0.803	35.333	1484	2.229	35.333	37.429	1572	1.792	37.429	0.804	64.810	2722	2.016	64.810	36.310	1525	0.882	36.310	0.438
157	10.512	25.472	1350	1.671	27.190	37.405	1571	1.885	37.405	1.128	27.190	1142	1.784	27.190	37.405	1571	1.885	37.405	1.057	72.286	3036.000	2.331	72.286	50.429	2118	1.223	50.429	0.525
158	10.262	25.358	1344	1.656	35.238	46.690	1961	2.335	46.690	1.411	35.238	1480	2.301	35.238	46.690	1961	2.335	46.690	1.015	68.119	2861	2.206	68.119	51.500	2163	1.250	51.500	0.566
159	9.031	25.087	1154	1.617	26.905	43.952	1846.000	2.162	43.952	1.337	26.905	1130	1.734	26.905	43.952	1846.000	2.162	43.952	1.247	71.452	3001	2.321	71.452	51.286	2154	1.248	51.286	0.538
160	9.852	28.540	1427	1.794	29.167	38.548	1619.000	1.836	38.548	1.024	29.167	1225	1.833	29.167	38.548	1619.000	1.836	38.548	1.002	85.738	3601	2.683	85.738	43.833	1841	1.063	43.833	0.396
161	9.304	35.830	1684	2.306	36.810	47.048	1976.000	2.304	47.048	0.999	36.810	1546	2.369	36.810	47.048	1976.000	2.304	47.048	0.973	64.714	2718.000	2.052	64.714	54.024	2269	1.312	54.024	0.639
162	9.304	31.405	1319	1.982	35.333	47.452	1993.000	2.268	47.452	1.144	35.333	1484	2.230	35.333	47.452	1993.000	2.268	47.452	1.017	69.310	2911	2.188	69.310	40.024	1681	0.973	40.024	0.445
163	9.569	21.435	986	1.350	20.167	34.024	1429	1.628	34.024	1.206	20.167	847	1.270	20.167	34.024	1429	1.628	34.024	1.282	60.571	2544	1.902	60.571	45.357	1905.000	1.100	45.357	0.578
164	9.100	26.630	1225	1.706	32.881	30.190	1268	1.467	30.190	0.860	32.881	1381	2.106	32.881	30.190	1268	1.467	30.190	0.696	61.619	2588	1.983	61.619	43.905	1844	1.061	43.905	0.535
165	11.782	21.907	1183	1.409	24.619	30.238	1270	1.475	30.238	1.047	24.619	1034	1.583	24.619	30.238	1270	1.475	30.238	0.932	74.667	3136	2.396	74.667	37.357	1569.000	0.905	37.357	0.378
166	10.738	26.769	1392	1.734	21.429	28.833	1211	1.428	28.833	0.823	21.429	900.000	1.388	21.429	28.833	1211	1.428	28.833	1.029	71.119	2987	2.296	71.119	35.881	1507	0.867	35.881	0.378
167	12.649	21.359	1367	1.418	20.881	33.429	1404	1.697	33.429	1.197	20.881	877	1.386	20.881	33.429	1404	1.697	33.429	1.224	69.714	2928.000	2.271	69.714	58.238	2446	1.411	58.238	0.621
168	14.268	27.786	1945	1.720	36.214	51.333	2156	2.402	51.333	1.396	36.214	1521	2.241	36.214	51.333	2156	2.402	51.333	1.071	77.143	3240	2.404	77.143	42.786	1797	1.036	42.786	0.431
169	12.612	25.254	1692	1.649	26.048	31.571	1326	1.573	31.571	0.954	26.048	1094	1.701	26.048	31.571	1326	1.573	31.571	0.925	98.143	4122	3.186	98.143	52.381	2200	1.263	52.381	0.396
170	11.231	25.246	1439	1.586	29.310	41.500	1743	1.982	41.500	1.249	29.310	1231	1.841	29.310	41.500	1743	1.982	41.500	1.076	70.619	2966	2.225	70.619	38.929	1635	0.941	38.929	0.423
171	11.473	18.057	957.000	1.209	27.619	42.095	1768	2.153	42.095	1.781	27.619	1160	1.849	27.619	42.095	1768	2.153	42.095	1.164	75.381	3166	2.454	75.381	43.976	1847	1.054	43.976	0.430
172	11.138	34.439	1963	2.237	32.571	33.667	1414	1.665	33.667	0.744	32.571	1368	2.115	32.571	33.667	1414	1.665	33.667	0.787	58.405	2453	1.850	58.405	34.500	1449	0.826	34.500	0.446
173	11.769	25.400	1524	1.662	15.976	36.119	1517	1.815	36.119	1.092	15.976	671	1.045	15.976	36.119	1517	1.815	36.119	1.736	70.095	2944.000	2.255	70.095	54.214	2277	1.296	54.214	0.574
174	9.618	35.872	1686	2.445	26.024	44.738	1879	2.363	44.738	0.966	26.024	1093	1.774	26.024	44.738	1879	2.363	44.738	1.332	62.476	2624	2.020	62.476	50.571	2124	1.205	50.571	0.596
175	12.349	25.557	1789	1.728	33.357	46.333	1946	2.408	46.333	1.393	33.357	1401.000	2.256	33.357	46.333	1946	2.408	46.333	1.068	58.881	2473	1.910	58.881	56.119	2357	1.339	56.119	0.701
176	10.446	25.375	1218	1.636	36.262	46.119	1937	2.281	46.119	1.394	36.262	1523	2.338	36.262	46.119	1937	2.281	46.119	0.975	56.643	2379	1.772	56.643	51.333	2156	1.233	51.333	0.696
177	13.124	22.027	1608	1.440	23.452	33.333	1400	1.697	33.333	1.179	23.452	985	1.533	23.452	33.333	1400	1.697	33.333	1.107	62.905	2642	1.988	62.905	43.738	1837	1.073	43.738	0.540
178	11.194	28.293	1641	1.940	23.595	39.857	1674.000	2.132	39.857	1.099	23.595	991	1.618	23.595	39.857	1674.000	2.132	39.857	1.318	82.190	3452	2.684	82.190	41.500	1743	0.986	41.500	0.367
179	10.753	30.038	1592	2.111	28.262	53.357	2241	2.918	53.357	1.383	28.262	1187	1.986	28.262	53.357	2241	2.918	53.357	1.469	76	3192	2.575	76	55.048	2312	1.289	55.048	0.501
180	10.539	19.736	1046	1.533	18.690	34.619	1454	2.204	34.619	1.437	18.690	785	1.452	18.690	34.619	1454	2.204	34.619	1.518	53.214	2235	2.093	53.214	44.714	1878	1.237	44.714	0.591
181	10.991	19.842	1131	1.383	21.381	37.286	1566	2.022	37.286	1.462	21.381	898	1.491	21.381	37.286	1566	2.022	37.286	1.357	62.595	2629	2.140	62.595	48.905	2054	1.183	48.905	0.553
182	5.483	24.033	721	1.704	23.667	34.381	1444	1.925	34.381	1.130	23.667	994	1.678	23.667	34.381	1444	1.925	34.381	1.147	68.071	2859	2.323	68.071	40.976	1721	0.975	40.976	0.420
183	7.846	15.561	638	1.128	25.571	32.357	1359.000	1.847	32.357	1.637	25.571	1074	1.854	25.571	32.357	1359.000	1.847	32.357	0.996	58.262	2447	2.032	58.262	52.976	2225	1.252	52.976	0.616
184	8.143	16.902	693	1.252	22.262	33.976	1427	1.983	33.976	1.583	22.262	935	1.649	22.262	33.976	1427	1.983	33.976	1.202	60.095	2524	2.185	60.095	64.167	2695	1.510	64.167	0.691
185	8.489	22.214	933	1.662	22.310	39.643	1665.000	2.338	39.643	1.406	22.310	937	1.669	22.310	39.643	1665.000	2.338	39.643	1.400	72.167	3031	2.626	72.167	61.952	2602	1.444	61.952	0.550
186	7.115	20.389	734	1.526	17	31.095	1306	1.840	31.095	1.206	17	714	1.273	17	31.095	1306	1.840	31.095	1.446	67.905	2852.000	2.484	67.905	52.119	2189	1.235	52.119	0.497
187	9.962	14.625	819	1.090	14.714	21.214	891	1.247	21.214	1.144	14.714	618	1.096	14.714	21.214	891	1.247	21.214	1.137	71.881	3019	2.605	71.881	56.762	2384	1.316	56.762	0.505
188	9.657	26.087	1200	1.909	20.214	28.405	1193	1.642	28.405	0.860	20.214	849	1.479	20.214	28.405	1193	1.642	28.405	1.110	53.286	2238	1.925	53.286	65.119	2735	1.523	65.119	0.791
189	10.831	16.462	856.000	1.217	16.405	29.548	1241	1.699	29.548	1.395	16.405	689	1.213	16.405	29.548	1241	1.699	29.548	1.400	71.476	3002	2.599	71.476	70.810	2974	1.654	70.810	0.636
190	5.483	30.400	912	2.217	21.714	35.357	1485.000	2.000	35.357	0.902	21.714	912	1.584	21.714	35.357	1485.000	2.000	35.357	1.263	56.095	2356	2.025	56.095	48.167	2023	1.143	48.167	0.565
191	7.616	33.053	1256	2.403	23.286	32.167	1351	1.819	32.167	0.757	23.286	978	1.693	23.286	32.167	1351	1.819	32.167	1.074	67.619	2840	2.462	67.619	72.452	3043	1.745	72.452	0.709
192	8.732	19.646	943	1.474	14.048	36.714	1542	2.174	36.714	1.475	14.048	590	1.054	14.048	36.714	1542	2.174	36.714	2.062	61.571	2586	2.331	61.571	77.929	3273	1.893	77.929	0.812
193	7.786	16.382	557	1.278	23.381	49.190	2066	3.085	49.190	2.413	23.381	982	1.825	23.381	49.190	2066	3.085	49.190	1.691	57.595	2419	2.308	57.595	74.643	3135	1.842	74.643	0.798
194	7.754	13.730	508	1.088	11.190	30.690	1289	1.996	30.690	1.835	11.190	470	0.887	11.190	30.690	1289	1.996	30.690	2.251	51.619	2168	2.136	51.619	66.548	2795	1.719	66.548	0.805
195	8.779	18.312	879	1.475	17.857	29.786	1251	1.956	29.786	1.326	17.857	750	1.439	17.857	29.786	1251	1.956	29.786	1.360	47.976	2015	2.013	47.976	59.690	2507	1.539	59.690	0.764
196	7.830	34.718	1354	1.465	46.095	20.690	869	1.390	20.690	0.949	15.571	654	1.268	15.571	20.690	869	1.390	20.690	1.096	46.095	1936	1.945	46.095	69.333	2912	1.797	69.333	0.924
197	8.779	18.717	861.000	1.500	25.643	31.571	1326	2.056	31.571	1.371	25.643	1077	2.054	25.643	31.571	1326	2.056	31.571	1.001	53.310	2239	2.189	53.310	49.595	2083	1.253	49.595	0.573
198	7.846	25.382	863	2.075	20.190	25.762	1082	1.723	25.762	0.830	20.190	848	1.651	20.190	25.762	1082	1.723	25.762	1.044	40.524	1702	1.689	40.524	57.667	2422	1.460	57.667	0.865
199	7.846	20.976	860	1.641	16.333	30.500	1281	1.906	30.500	1.161	16.333	686	1.278	16.333	30.500	1281	1.906	30.500	1.491	41.405	1739	1.629	41.405	49.619	2084	1.146	49.619	0.704
200	7.616	10.235	348	0.845	16.048	27.143	1140	1.826	27.143	2.161	16.048	674	1.325	16.048	27.143	1140	1.826	27.143	1.378	47.119	1979	2.057	47.119	55.762	2342	1.383	55.762	0.672
201	10.262	13.907	751	1.105	14.452	25.786	1083	1.630	25.786	1.475	14.452	607	1.148	14.452	25.786	1083	1.630	25.786	1.419	40.238	1690	1.645	40.238	38.190	1604	0.910	38.190	0.553
202	10.512	44.509	2448	1.937	43.429	17.095	718	1.145	17.095	0.591	15.810	664	1.305	15.810	17.095	718	1.145	17.095	0.877	43.429	1824	1.890	43.429	43.476	1826	1.068	43.476	0.565
203	10.621	40.241	2173	1.715	48.381	16.976	713.000	1.114	16.976	0.650	14.333	602	1.161	14.333	16.976	713.000	1.114	16.976	0.959	48.381	2032	2.062	48.381	48.929	2055	1.187	48.929	0.576
204	8.944	45.667	2192	1.873	36.071	21.952	922	1.435	21.952	0.766	18.095	760	1.450	18.095	21.952	922	1.435	21.952	0.990	36.071	1515	1.479	36.071	68.810	2890	1.575	68.810	1.065
205	8.070	46.378	1716	1.882	49.286	26.286	1104	1.674	26.286	0.890	14.024	589	1.114	14.024	26.286	1104	1.674	26.286	1.504	49.286	2070	2.000	49.286	69.500	2919	1.592	69.500	0.796
206	8.779	57.413	2641	2.332	59.214	22.524	946.000	1.450	22.524	0.622	19.167	805	1.534	19.167	22.524	946.000	1.450	22.524	0.945	59.214	2487	2.405	59.214	62.333	2618	1.446	62.333	0.601
207	9.890	57.104	2741	2.359	49.452	32.310	1357	2.102	32.310	0.891	12.429	522	1.002	12.429	32.310	1357	2.102	32.310	2.098	49.452	2077	2.042	49.452	64.095	2692.000	1.487	64.095	0.728
208	10.407	45.500	2457	1.899	35.262	24.881	1045	1.632	24.881	0.859	16.643	699	1.348	16.643	24.881	1045	1.632	24.881	1.211	35.262	1481	1.472	35.262	56.976	2393	1.335	56.976	0.907
209	11.753	40.051	2363	1.641	38.452	21.952	922	1.434	21.952	0.874	11.976	503	0.972	11.976	21.952	922	1.434	21.952	1.475	38.452	1615.000	1.575	38.452	57.452	2413	1.338	57.452	0.850
210	9.981	40.900	2045	1.696	37.857	20.381	856	1.323	20.381	0.780	12.786	537	1.027	12.786	20.381	856	1.323	20.381	1.288	37.857	1590.000	1.570	37.857	69.548	2921	1.625	69.548	1.035
211	6.731	38	1254	1.598	35	23.095	970	1.558	23.095	0.975	13.952	586	1.146	13.952	23.095	970	1.558	23.095	1.359	35	1470	1.472	35	56.833	2387	1.319	56.833	0.896
212	6.175	41.848	1381	1.812	32.548	16.595	697	1.139	16.595	0.628	15.976	671	1.331	15.976	16.595	697	1.139	16.595	0.855	32.548	1367.000	1.409	32.548	60.571	2544	1.393	60.571	0.989
213	8.732	34.833	1672	1.602	21.786	16.214	681	1.146	16.214	0.715	13.024	547	1.117	13.024	16.214	681	1.146	16.214	1.026	21.786	915	1.002	21.786	56.667	2380	1.301	56.667	1.298
214	7.521	25.973	961	1.240	44.071	22.857	960	1.659	22.857	1.338	11.167	469	0.975	11.167	22.857	960	1.659	22.857	1.702	44.071	1851	2.104	44.071	64.905	2726.000	1.488	64.905	0.707
215	9.657	31.714	1554	1.551	32.333	16.452	691	1.224	16.452	0.789	11.619	488	1.033	11.619	16.452	691	1.224	16.452	1.185	32.333	1358	1.582	32.333	65.476	2750	1.528	65.476	0.966
216	8.310	31.167	1309	1.615	29.429	17.310	727	1.361	17.310	0.843	13.500	567	1.232	13.500	17.310	727	1.361	17.310	1.105	29.429	1236	1.525	29.429	59.952	2518	1.530	59.952	1.004
217	7.977	35.854	1470	1.805	33.167	21.548	905	1.639	21.548	0.908	16.452	691	1.469	16.452	21.548	905	1.639	21.548	1.116	33.167	1393	1.670	33.167	74.810	3142	1.758	74.810	1.053
218	8.382	27.947	1062	1.445	23.214	15.905	668	1.248	15.905	0.864	9.905	416	0.904	9.905	15.905	668	1.248	15.905	1.381	23.214	975	1.200	23.214	67.452	2833	1.611	67.452	1.342
219	6.427	37.419	1160	2.005	26.619	19.857	834	1.594	19.857	0.795	16.571	696.000	1.536	16.571	19.857	834	1.594	19.857	1.038	26.619	1118	1.426	26.619	67.143	2820	1.726	67.143	1.210
220	6.270	30.824	1048	1.588	32.548	13.786	579	1.063	13.786	0.670	11.738	493.000	1.060	11.738	13.786	579	1.063	13.786	1.003	32.548	1367.000	1.676	32.548	64.619	2714	1.547	64.619	0.923
221	7.521	28.028	1009	1.410	32.357	16.619	698	1.246	16.619	0.884	8.952	376	0.795	8.952	16.619	698	1.246	16.619	1.566	32.357	1359.000	1.628	32.357	65.738	2761	1.518	65.738	0.932
222	8.189	28.022	1289	1.433	28	23.262	977	1.777	23.262	1.241	15	630	1.360	15	23.262	977	1.777	23.262	1.307	28	1176	1.432	28	63.714	2676	1.458	63.714	1.018
223	8.404	27.366	1122	1.438	30.476	13.952	586	1.083	13.952	0.753	10.071	423	0.912	10.071	13.952	586	1.083	13.952	1.188	30.476	1280	1.602	30.476	76.405	3209.000	1.749	76.405	1.092
224	8.051	29.316	1114	1.561	31.071	13.738	577	1.071	13.738	0.686	12.119	509	1.112	12.119	13.738	577	1.071	13.738	0.963	31.071	1305	1.654	31.071	66.643	2799	1.533	66.643	0.927
225	9.290	27.674	1190	1.492	25.857	13.262	557	1.043	13.262	0.699	11.381	478	1.048	11.381	13.262	557	1.043	13.262	0.996	25.857	1086	1.394	25.857	60.714	2550	1.408	60.714	1.010
226	8.635	30.558	1314	1.614	23.238	13.786	579	1.076	13.786	0.667	9.095	382	0.827	9.095	13.786	579	1.076	13.786	1.302	23.238	976	1.228	23.238	50.571	2124	1.155	50.571	0.941
227	8.051	21.667	845	1.174	17.857	14.857	624	1.179	14.857	1.005	11.952	502	1.103	11.952	14.857	624	1.179	14.857	1.069	17.857	750	0.968	17.857	51.167	2149	1.179	51.167	1.218
228	7.945	25.156	1132	1.366	24.500	10.238	430.000	0.807	10.238	0.591	9.238	388.000	0.851	9.238	10.238	430.000	0.807	10.238	0.948	24.500	1029	1.331	24.500	71.619	3008	1.653	71.619	1.242
229	7.988	17.581	756	0.978	31	14.690	617	1.177	14.690	1.204	7.976	335	0.746	7.976	14.690	617	1.177	14.690	1.579	31	1302	1.724	31	62.952	2644	1.462	62.952	0.848
230	7.722	26.615	1038	1.567	22.262	13.381	562	1.109	13.381	0.708	9.952	418	0.951	9.952	13.381	562	1.109	13.381	1.166	22.262	935	1.310	22.262	80.667	3388	1.902	80.667	1.451
231	9.839	29.545	1300	1.710	21.500	13.095	550	1.071	13.095	0.626	9.357	393	0.885	9.357	13.095	550	1.071	13.095	1.211	21.500	903	1.244	21.500	75.310	3163	1.763	75.310	1.416
232	9.062	21.771	1045	1.272	28.476	14.738	619	1.207	14.738	0.949	15.881	667	1.505	15.881	14.738	619	1.207	14.738	0.802	28.476	1196	1.663	28.476	73.333	3080	1.706	73.333	1.026
233	8.276	26.178	1178	1.538	22.071	15.905	668	1.319	15.905	0.857	9	378	0.858	9	15.905	668	1.319	15.905	1.538	22.071	927.000	1.297	22.071	80.167	3367	1.904	80.167	1.468
234	8.839	34.350	1374	1.994	35.262	13.452	565	1.103	13.452	0.553	12.214	513	1.165	12.214	13.452	565	1.103	13.452	0.947	35.262	1481	2.047	35.262	80.095	3364.000	1.881	80.095	0.919
235	7.906	25.649	949	1.502	41.643	14.952	628	1.235	14.952	0.822	12.595	529	1.198	12.595	14.952	628	1.235	14.952	1.031	41.643	1749.000	2.438	41.643	78.571	3300	1.865	78.571	0.765
236	9.250	30.451	1553	1.786	26.548	18.262	767	1.499	18.262	0.839	11.381	478	1.077	11.381	18.262	767	1.499	18.262	1.392	26.548	1115	1.557	26.548	65.643	2757	1.535	65.643	0.985
237	9.650	28.548	1199	1.698	33.381	17.500	735	1.441	17.500	0.849	12.381	520	1.183	12.381	17.500	735	1.441	17.500	1.219	33.381	1402	1.985	33.381	78.167	3283	1.868	78.167	0.941
238	5.385	23.655	686	1.413	30.286	15.643	657	1.298	15.643	0.919	11.690	491	1.122	11.690	15.643	657	1.298	15.643	1.157	30.286	1272	1.809	30.286	78.881	3313	1.872	78.881	1.035
239	7.846	22.341	916.000	1.359	27.381	16.262	683	1.366	16.262	1.005	9.452	397	0.913	9.452	16.262	683	1.366	16.262	1.495	27.381	1150	1.666	27.381	53.952	2266	1.278	53.952	0.767
240	8.004	29.303	967	1.791	25.357	16.548	695	1.385	16.548	0.773	13.929	585	1.343	13.929	16.548	695	1.385	16.548	1.031	25.357	1065	1.550	25.357	61.071	2565	1.440	61.071	0.929
