Frame	Mem Length	A-CatApicalMean	A-CatApicalSum	A-CatApicalNorm	A-CatApicalVertices	ActinApicalMean	ActinApicalSum	ActinApicalNorm	ActinApicalVertices	ApicalRatio	A-CatMedialMean	A-CatMedialSum	A-CatMedialNorm	A-CatMedialVertices	ActinMedialMean	ActinMedialSum	ActinMedialNorm	ActinMedialVertices	MedialRatio	A-CatBasalMean	A-CatBasalSum	A-CatBasalNorm	A-CatBasalVertices	ActinBasalMean	ActinBasalSum	ActinBasalNorm	ActinBasalVertices	BasalRatio
1	15.168	22.458	1617	1.151	26.381	38.452	1615.000	1.458	38.452	1.267	26.381	1108	1.351	26.381	38.452	1615.000	1.458	38.452	1.079	37.095	1558	0.959	37.095	33.500	1407	0.766	33.500	0.799
2	14.885	26.814	1582	1.403	18.214	45	1890	1.758	45	1.253	18.214	765	0.953	18.214	45	1890	1.758	45	1.845	42.310	1777	1.108	42.310	35.429	1488	0.811	35.429	0.732
3	12.065	24.452	1516	1.294	33.286	54.881	2305	2.183	54.881	1.687	33.286	1398	1.761	33.286	54.881	2305	2.183	54.881	1.240	44.619	1874	1.170	44.619	43.381	1822	0.995	43.381	0.851
4	13.829	40.678	2400	2.039	39.690	60.905	2558	2.269	60.905	1.113	39.690	1667	1.990	39.690	60.905	2558	2.269	60.905	1.140	57.048	2396	1.462	57.048	39.571	1662	0.919	39.571	0.628
5	17.464	39.596	3524	2.029	43.405	55.405	2327	2.132	55.405	1.051	43.405	1823	2.224	43.405	55.405	2327	2.132	55.405	0.959	58.500	2457	1.514	58.500	34.071	1431	0.787	34.071	0.520
6	17.586	39.326	3500.000	2.072	35.452	44.738	1879	1.777	44.738	0.857	35.452	1489.000	1.868	35.452	44.738	1879	1.777	44.738	0.951	56.357	2367	1.469	56.357	27.381	1150	0.639	27.381	0.435
7	24.157	38.036	4222	1.928	33.452	52.905	2222	2.033	52.905	1.055	33.452	1405.000	1.695	33.452	52.905	2222	2.033	52.905	1.199	54.738	2299	1.412	54.738	38.167	1603	0.892	38.167	0.632
8	21.923	38.165	4160	2.023	50.833	61.762	2594	2.491	61.762	1.232	50.833	2135	2.694	50.833	61.762	2594	2.491	61.762	0.925	50.048	2102	1.306	50.048	31.595	1327	0.735	31.595	0.562
9	22.161	27.789	3029	1.509	32.762	41.333	1736	1.703	41.333	1.129	32.762	1376	1.779	32.762	41.333	1736	1.703	41.333	0.957	60.214	2529	1.582	60.214	31.667	1330	0.738	31.667	0.466
10	19.660	30.760	3076	1.680	30.405	47.762	2006	1.968	47.762	1.171	30.405	1277	1.660	30.405	47.762	2006	1.968	47.762	1.185	48.762	2048	1.303	48.762	38.690	1625	0.901	38.690	0.691
11	21.006	45.543	4281	2.404	40.738	48.500	2037	1.916	48.500	0.797	40.738	1711	2.151	40.738	48.500	2037	1.916	48.500	0.891	63.190	2654	1.667	63.190	44.214	1857	1.025	44.214	0.615
12	20.514	27.409	2549	1.542	27.143	64.024	2689	2.724	64.024	1.766	27.143	1140	1.527	27.143	64.024	2689	2.724	64.024	1.783	53.786	2259	1.445	53.786	52.571	2208	1.217	52.571	0.843
13	24.520	28.008	3361	1.629	33.500	61.476	2582	2.713	61.476	1.666	33.500	1407	1.948	33.500	61.476	2582	2.713	61.476	1.393	59	2478	1.610	59	46.262	1943	1.074	46.262	0.668
14	23.783	30.843	3331	1.756	40.905	78.262	3287	3.385	78.262	1.928	40.905	1718	2.328	40.905	78.262	3287	3.385	78.262	1.454	65.976	2771	1.806	65.976	40.071	1683	0.936	40.071	0.519
15	26.501	29.950	3624	1.663	33.286	63.048	2648	2.647	63.048	1.592	33.286	1398	1.848	33.286	63.048	2648	2.647	63.048	1.432	65.190	2738	1.769	65.190	40.452	1699.000	0.950	40.452	0.537
16	29.855	37.493	5624	2.029	46.643	47.143	1980.000	1.940	47.143	0.956	46.643	1959.000	2.524	46.643	47.143	1980.000	1.940	47.143	0.769	53.214	2235	1.441	53.214	35.786	1503	0.848	35.786	0.589
17	28.360	34.392	4471	1.977	45.952	45.929	1929	2.021	45.929	1.022	45.952	1930.000	2.642	45.952	45.929	1929	2.021	45.929	0.765	76.524	3214	2.125	76.524	36.119	1517	0.853	36.119	0.402
18	26.019	31.954	4154	1.834	39.833	48.405	2033	2.118	48.405	1.155	39.833	1673	2.287	39.833	48.405	2033	2.118	48.405	0.926	65.667	2758	1.828	65.667	30.667	1288	0.726	30.667	0.397
19	24.782	33.190	4182	1.868	36.690	36.976	1553	1.568	36.976	0.839	36.690	1541	2.065	36.690	36.976	1553	1.568	36.976	0.759	75.905	3188.000	2.092	75.905	27.595	1159	0.654	27.595	0.312
20	19.775	29.850	2388	1.717	30.500	44.952	1888.000	1.984	44.952	1.155	30.500	1281	1.754	30.500	44.952	1888.000	1.984	44.952	1.131	67.048	2816	1.871	67.048	24.500	1029	0.581	24.500	0.311
21	20.039	32.352	2944	1.898	20.286	42.262	1775	1.872	42.262	0.986	20.286	852	1.190	20.286	42.262	1775	1.872	42.262	1.573	61.214	2571	1.727	61.214	31.810	1336	0.749	31.810	0.434
22	13.558	28.132	1913	1.645	19.881	33.333	1400	1.499	33.333	0.911	19.881	835	1.163	19.881	33.333	1400	1.499	33.333	1.289	54.095	2272	1.526	54.095	31.690	1331	0.752	31.690	0.493
23	15.758	27.861	2006	1.623	29.024	37.929	1593	1.692	37.929	1.043	29.024	1219	1.690	29.024	37.929	1593	1.692	37.929	1.001	58.881	2473	1.663	58.881	25.190	1058	0.601	25.190	0.361
24	17.252	26.382	2005	1.509	26.119	32.214	1353	1.404	32.214	0.931	26.119	1097	1.494	26.119	32.214	1353	1.404	32.214	0.940	58.500	2457	1.646	58.500	29.833	1253	0.713	29.833	0.433
25	16.757	21.464	1803	1.304	28.619	30.286	1272	1.428	30.286	1.095	28.619	1202	1.738	28.619	30.286	1272	1.428	30.286	0.821	52.286	2196	1.505	52.286	31.143	1308	0.743	31.143	0.494
26	14.036	24.343	1704	1.517	27.571	38.190	1604	1.839	38.190	1.212	27.571	1158	1.719	27.571	38.190	1604	1.839	38.190	1.070	59.595	2503	1.754	59.595	37.262	1565	0.890	37.262	0.507
27	12.562	28.403	1761	1.680	26.690	39.238	1648	1.779	39.238	1.059	26.690	1121	1.579	26.690	39.238	1648	1.779	39.238	1.127	52	2184	1.490	52	27.905	1172	0.670	27.905	0.449
28	18.257	30.611	2755	1.839	32.976	48.095	2020	2.236	48.095	1.216	32.976	1385	1.981	32.976	48.095	2020	2.236	48.095	1.128	53.619	2252	1.557	53.619	29.929	1257	0.721	29.929	0.463
29	19.790	24.300	2187	1.494	28.333	61.214	2571	2.930	61.214	1.960	28.333	1190	1.742	28.333	61.214	2571	2.930	61.214	1.681	69.500	2919	2.075	69.500	35.143	1476.000	0.842	35.143	0.406
30	24.282	24.545	3019	1.475	30.738	46.500	1953	2.156	46.500	1.461	30.738	1291	1.848	30.738	46.500	1953	2.156	46.500	1.167	71.976	3023	2.117	71.976	31.190	1310	0.753	31.190	0.356
31	25.520	28.669	3727	1.718	34.548	35.905	1508	1.661	35.905	0.967	34.548	1451.000	2.070	34.548	35.905	1508	1.661	35.905	0.802	76.500	3213	2.230	76.500	28.976	1217	0.698	28.976	0.313
32	20.252	30.078	3068	1.857	31.095	36.357	1527.000	1.746	36.357	0.940	31.095	1306	1.919	31.095	36.357	1527.000	1.746	36.357	0.910	73.595	3091.000	2.152	73.595	43.143	1812.000	1.039	43.143	0.483
33	16.031	20.100	1608	1.294	27.905	35.214	1479	1.755	35.214	1.356	27.905	1172	1.796	27.905	35.214	1479	1.755	35.214	0.977	62.810	2638	1.892	62.810	32.071	1347	0.766	32.071	0.405
34	14.009	24.254	1528	1.521	29.976	34.643	1455.000	1.653	34.643	1.087	29.976	1259	1.880	29.976	34.643	1455.000	1.653	34.643	0.880	65.524	2752	1.942	65.524	31.024	1303	0.745	31.024	0.384
35	12.253	21.730	1369	1.432	25.667	35.619	1496	1.819	35.619	1.270	25.667	1078	1.692	25.667	35.619	1496	1.819	35.619	1.075	44.476	1868	1.352	44.476	35.381	1486	0.846	35.381	0.626
36	12.253	24.278	1311	1.582	30.381	31.429	1320	1.582	31.429	1.000	30.381	1276	1.980	30.381	31.429	1320	1.582	31.429	0.799	55.762	2342	1.679	55.762	36.452	1531.000	0.878	36.452	0.523
37	14.036	25.100	1757	1.675	20.952	34.095	1432	1.780	34.095	1.063	20.952	880	1.398	20.952	34.095	1432	1.780	34.095	1.273	52.024	2185	1.601	52.024	39.929	1677	0.953	39.929	0.595
38	19.059	23.518	1999.000	1.568	37.738	39.905	1676	2.080	39.905	1.326	37.738	1585	2.516	37.738	39.905	1676	2.080	39.905	0.827	47.571	1998	1.477	47.571	33.548	1409.000	0.801	33.548	0.542
39	21.013	26.064	2450	1.759	37.476	39.500	1659	2.076	39.500	1.181	37.476	1574	2.529	37.476	39.500	1659	2.076	39.500	0.821	61.190	2570	1.912	61.190	44.976	1889	1.073	44.976	0.561
40	21.001	19.632	1865	1.354	26.024	50.024	2101	2.735	50.024	2.020	26.024	1093	1.795	26.024	50.024	2101	2.735	50.024	1.524	71.476	3002	2.282	71.476	53.786	2259	1.274	53.786	0.559
41	20.804	22.516	2139	1.543	26.810	27.119	1139	1.459	27.119	0.946	26.810	1126	1.837	26.810	27.119	1139	1.459	27.119	0.795	61.905	2600	1.963	61.905	38.619	1622	0.919	38.619	0.468
42	19.041	29.621	2577	1.991	19.881	31.262	1313	1.657	31.262	0.832	19.881	835	1.336	19.881	31.262	1313	1.657	31.262	1.240	72	3024	2.253	72	49.095	2062	1.176	49.095	0.522
43	17.250	18.718	1591	1.280	26.381	34.548	1451.000	1.875	34.548	1.466	26.381	1108	1.804	26.381	34.548	1451.000	1.875	34.548	1.040	54.833	2303	1.727	54.833	28.405	1193	0.682	28.405	0.395
44	15.628	25.641	2000	1.702	19.738	45.952	1930.000	2.378	45.952	1.397	19.738	829	1.310	19.738	45.952	1930.000	2.378	45.952	1.815	59.048	2480	1.804	59.048	41.095	1726	0.988	41.095	0.547
45	15.758	19.457	1362	1.388	24	33.190	1394	1.899	33.190	1.368	24	1008	1.712	24	33.190	1394	1.899	33.190	1.109	66.405	2789.000	2.190	66.405	42.690	1793	1.022	42.690	0.467
46	18.502	21.817	2029	1.545	25.905	40.905	1718	2.326	40.905	1.506	25.905	1088	1.834	25.905	40.905	1718	2.326	40.905	1.268	58.095	2440	1.916	58.095	39.857	1674.000	0.955	39.857	0.498
47	21.756	26.936	2963	1.896	33.024	47.452	1993.000	2.653	47.452	1.399	33.024	1387	2.325	33.024	47.452	1993.000	2.653	47.452	1.141	67.238	2824	2.198	67.238	45.238	1900	1.081	45.238	0.492
48	18.002	22.444	2020.000	1.606	31.762	46.048	1934.000	2.596	46.048	1.616	31.762	1334	2.273	31.762	46.048	1934.000	2.596	46.048	1.142	69.333	2912	2.305	69.333	51.762	2174	1.225	51.762	0.531
49	18.250	18.833	1695	1.382	22.667	35.833	1505	2.122	35.833	1.536	22.667	952	1.663	22.667	35.833	1505	2.122	35.833	1.276	82.333	3458	2.825	82.333	43.714	1836	1.033	43.714	0.366
50	18.252	19.373	1608	1.406	17.429	32.405	1361	1.884	32.405	1.340	17.429	732.000	1.265	17.429	32.405	1361	1.884	32.405	1.489	87.405	3671.000	2.950	87.405	49.190	2066	1.166	49.190	0.395
51	14.285	20.629	1444	1.545	23.310	32.548	1367.000	2.006	32.548	1.298	23.310	979	1.746	23.310	32.548	1367.000	2.006	32.548	1.149	89.762	3770	3.225	89.762	35.429	1488	0.934	35.429	0.290
52	14.502	17.900	1253	1.384	23.833	25.262	1061	1.629	25.262	1.177	23.833	1001	1.842	23.833	25.262	1061	1.629	25.262	0.884	69.167	2905	2.599	69.167	32.048	1346.000	0.866	32.048	0.333
53	15.268	19.392	1532	1.440	16.310	22.048	926	1.351	22.048	0.938	16.310	685	1.211	16.310	22.048	926	1.351	22.048	1.116	69.429	2916	2.479	69.429	38.214	1605	1.023	38.214	0.413
54	11.524	16.949	1000.000	1.295	15.881	20.238	850	1.284	20.238	0.992	15.881	667	1.214	15.881	20.238	850	1.284	20.238	1.058	52.071	2187	1.888	52.071	32.286	1356	0.866	32.286	0.459
55	6.047	19.033	571	1.457	23.024	28.405	1193	1.805	28.405	1.239	23.024	967.000	1.762	23.024	28.405	1193	1.805	28.405	1.025	56.976	2393	2.122	56.976	37.667	1582	1.030	37.667	0.485
56	13.521	18.524	1167	1.402	15.738	28.905	1214	1.790	28.905	1.277	15.738	661	1.191	15.738	28.905	1214	1.790	28.905	1.503	61.548	2585	2.258	61.548	35.286	1482	0.973	35.286	0.431
57	10.359	23.689	1066	1.768	33.238	25.262	1061	1.552	25.262	0.877	33.238	1396	2.481	33.238	25.262	1061	1.552	25.262	0.625	53.262	2237	1.908	53.262	29.357	1233	0.813	29.357	0.426
58	10.253	18.679	990	1.358	17.119	23.738	997	1.406	23.738	1.035	17.119	719	1.245	17.119	23.738	997	1.406	23.738	1.129	62.786	2637	2.206	62.786	30.071	1263	0.836	30.071	0.379
59	10.262	26.400	1188	1.902	23.833	31.095	1306	1.836	31.095	0.965	23.833	1001	1.717	23.833	31.095	1306	1.836	31.095	1.069	63.714	2676	2.194	63.714	33.524	1408	0.909	33.524	0.414
60	13.770	21.350	1281	1.586	34.571	39.476	1658	2.391	39.476	1.507	34.571	1452	2.568	34.571	39.476	1658	2.391	39.476	0.931	58.310	2449	2.049	58.310	33.429	1404	0.857	33.429	0.418
61	14.769	19.727	1302	1.410	29.286	23.690	995	1.354	23.690	0.961	29.286	1230	2.093	29.286	23.690	995	1.354	23.690	0.647	61.786	2595	2.111	61.786	32.738	1375	0.828	32.738	0.392
62	15.168	23.091	1778	1.641	26.214	29.714	1248	1.690	29.714	1.030	26.214	1101	1.863	26.214	29.714	1248	1.690	29.714	0.907	66.857	2808	2.238	66.857	37.405	1571	0.941	37.405	0.421
63	18.265	22.889	2060	1.588	32.500	32.667	1372	1.795	32.667	1.130	32.500	1365	2.255	32.500	32.667	1372	1.795	32.667	0.796	61.571	2586	2.013	61.571	34.762	1460	0.874	34.762	0.434
64	14.009	21.457	1502	1.500	14.357	28.857	1212	1.601	28.857	1.067	14.357	603	1.004	14.357	28.857	1212	1.601	28.857	1.595	53.429	2244	1.747	53.429	30.595	1285	0.765	30.595	0.438
65	13.537	24.615	1280	1.699	19.667	35.690	1499	1.937	35.690	1.140	19.667	826	1.358	19.667	35.690	1499	1.937	35.690	1.427	61.310	2575	1.956	61.310	33.071	1389	0.821	33.071	0.420
66	13.759	23.701	1588.000	1.603	31.500	40.929	1719	2.195	40.929	1.369	31.500	1323	2.131	31.500	40.929	1719	2.195	40.929	1.030	75.952	3190	2.409	75.952	42	1764	1.037	42	0.430
67	14.259	22.197	1465	1.487	19.071	45.071	1893	2.399	45.071	1.614	19.071	801.000	1.278	19.071	45.071	1893	2.399	45.071	1.878	59.548	2501	1.874	59.548	46.738	1963	1.161	46.738	0.620
68	13.002	31.914	1851	2.238	34.524	46.048	1934.000	2.575	46.048	1.151	34.524	1450	2.421	34.524	46.048	1934.000	2.575	46.048	1.064	64.833	2723	2.112	64.833	48.286	2028	1.182	48.286	0.560
69	16.031	23.950	1916	1.659	26.238	36.143	1518.000	1.974	36.143	1.190	26.238	1102	1.817	26.238	36.143	1518.000	1.974	36.143	1.086	57.976	2435	1.874	57.976	42.810	1798	1.052	42.810	0.561
70	23.012	22.330	2300	1.564	22.286	33.381	1402	1.878	33.381	1.201	22.286	936	1.561	22.286	33.381	1402	1.878	33.381	1.203	78.190	3284	2.585	78.190	60.595	2545	1.496	60.595	0.579
71	18.250	20.711	1864	1.471	17.143	37.738	1585	2.154	37.738	1.464	17.143	720	1.218	17.143	37.738	1585	2.154	37.738	1.769	51.214	2151	1.700	51.214	48.095	2020	1.181	48.095	0.695
72	17.295	18.714	1572	1.349	18.048	35.143	1476.000	2.035	35.143	1.508	18.048	758	1.301	18.048	35.143	1476.000	2.035	35.143	1.564	53.429	2244	1.834	53.429	43.738	1837	1.111	43.738	0.606
73	18.792	20.212	1718	1.458	22.405	33.357	1401.000	1.943	33.357	1.333	22.405	941	1.617	22.405	33.357	1401.000	1.943	33.357	1.202	62.714	2634	2.141	62.714	47.429	1992	1.174	47.429	0.548
74	16.750	20.950	1676	1.506	21.286	42.571	1788	2.461	42.571	1.634	21.286	894	1.530	21.286	42.571	1788	2.461	42.571	1.608	47.643	2001.000	1.605	47.643	39.762	1670	0.987	39.762	0.615
75	10.277	18.840	942	1.393	23.357	29.333	1232	1.769	29.333	1.270	23.357	981	1.727	23.357	29.333	1232	1.769	29.333	1.024	58.262	2447	2.048	58.262	42.238	1774	1.060	42.238	0.518
76	9.250	20.044	902	1.487	19.429	26.643	1119	1.633	26.643	1.098	19.429	816.000	1.441	19.429	26.643	1119	1.633	26.643	1.133	58.310	2449	2.072	58.310	37.357	1569.000	0.969	37.357	0.468
77	9.801	17.404	818.000	1.311	17.143	23.571	990.000	1.468	23.571	1.120	17.143	720	1.291	17.143	23.571	990.000	1.468	23.571	1.137	47.738	2005	1.690	47.738	33.619	1412	0.846	33.619	0.501
78	9.763	23.349	1004	1.742	24.214	18.190	764	1.124	18.190	0.645	24.214	1017	1.807	24.214	18.190	764	1.124	18.190	0.622	46.452	1951.000	1.658	46.452	27.048	1136	0.670	27.048	0.404
79	8.126	19	760	1.469	12.524	16	672	1.033	16	0.703	12.524	526	0.968	12.524	16	672	1.033	16	1.066	32.833	1379	1.199	32.833	26.167	1099	0.639	26.167	0.533
80	8.883	11.156	502	0.829	15.071	16.810	706	1.026	16.810	1.238	15.071	633	1.120	15.071	16.810	706	1.026	16.810	0.916	34.310	1441	1.206	34.310	27.667	1162	0.679	27.667	0.563
81	9.250	15.760	788	1.188	12.881	21.214	891	1.321	21.214	1.112	12.881	541	0.971	12.881	21.214	891	1.321	21.214	1.361	40.048	1682.000	1.436	40.048	33.667	1414	0.826	33.667	0.575
82	8.515	20.700	828	1.537	14.119	14.738	619	0.898	14.738	0.585	14.119	593	1.048	14.119	14.738	619	0.898	14.738	0.857	31.143	1308	1.100	31.143	26.786	1125	0.666	26.786	0.605
83	8.764	25.316	962.000	1.793	20.524	22.262	935	1.278	22.262	0.713	20.524	862.000	1.454	20.524	22.262	935	1.278	22.262	0.879	47.976	2015	1.619	47.976	32.190	1352	0.800	32.190	0.494
84	7.250	14.114	494	1.025	15.500	28.333	1190	1.684	28.333	1.644	15.500	651	1.125	15.500	28.333	1190	1.684	28.333	1.497	48.405	2033	1.660	48.405	34.381	1444	0.855	34.381	0.515
85	7.500	22.743	796	1.626	16.952	37.048	1556.000	2.150	37.048	1.322	16.952	712	1.212	16.952	37.048	1556.000	2.150	37.048	1.774	57.095	2398	1.952	57.095	32.690	1373	0.818	32.690	0.419
86	9.003	31.175	1247	2.211	17.571	44.214	1857	2.526	44.214	1.142	17.571	738.000	1.246	17.571	44.214	1857	2.526	44.214	2.026	77.357	3249	2.629	77.357	44.929	1887	1.146	44.929	0.436
87	12.750	23.215	1509	1.596	22.667	40.429	1698	2.223	40.429	1.393	22.667	952	1.558	22.667	40.429	1698	2.223	40.429	1.426	68.571	2880	2.239	68.571	46.119	1937	1.163	46.119	0.519
88	15.518	20.957	1467	1.430	20.262	27.262	1145	1.475	27.262	1.032	20.262	851	1.383	20.262	27.262	1145	1.475	27.262	1.067	65.595	2755.000	2.136	65.595	54.833	2303	1.366	54.833	0.640
89	15.518	19.500	1365	1.337	18.690	33.595	1411	1.837	33.595	1.374	18.690	785	1.281	18.690	33.595	1411	1.837	33.595	1.434	59.119	2483	1.929	59.119	46.452	1951.000	1.158	46.452	0.600
90	17.252	22	1870	1.534	21.976	34.667	1456	1.951	34.667	1.271	21.976	923.000	1.533	21.976	34.667	1456	1.951	34.667	1.273	51.071	2145	1.712	51.071	54.524	2290	1.356	54.524	0.792
91	18.312	25.440	2137	1.750	31.310	47.095	1978	2.576	47.095	1.472	31.310	1315	2.154	31.310	47.095	1978	2.576	47.095	1.196	66.381	2788	2.163	66.381	49.571	2082	1.241	49.571	0.574
92	16.049	22.458	1617	1.501	27.214	56.238	2362	2.991	56.238	1.992	27.214	1143	1.819	27.214	56.238	2362	2.991	56.238	1.644	78.690	3305	2.515	78.690	37.167	1561	0.931	37.167	0.370
93	20.752	26.095	2740	1.772	18.857	40.452	1699.000	2.191	40.452	1.236	18.857	792	1.281	18.857	40.452	1699.000	2.191	40.452	1.711	76.310	3205	2.467	76.310	39.167	1645	0.981	39.167	0.397
94	13.288	28.154	1830	1.848	35.690	45.643	1917.000	2.365	45.643	1.280	35.690	1499	2.342	35.690	45.643	1917.000	2.365	45.643	1.010	74.429	3126	2.361	74.429	39.071	1641	0.978	39.071	0.414
95	15.258	17.773	1333	1.156	27.119	45.810	1924	2.345	45.810	2.029	27.119	1139	1.764	27.119	45.810	1924	2.345	45.810	1.330	74.857	3144	2.336	74.857	32.548	1367.000	0.817	32.548	0.350
96	15.052	24.388	1634	1.568	26.524	40.548	1703.000	2.057	40.548	1.312	26.524	1114	1.705	26.524	40.548	1703.000	2.057	40.548	1.207	64.524	2710	1.995	64.524	32.667	1372	0.820	32.667	0.411
97	12.870	15.761	1056	1.018	28.976	29.333	1232	1.495	29.333	1.469	28.976	1217	1.871	28.976	29.333	1232	1.495	29.333	0.799	64.071	2691	1.996	64.071	33.524	1408	0.841	33.524	0.421
98	14.020	29.127	2068	1.927	22.714	41.238	1732	2.173	41.238	1.128	22.714	954	1.502	22.714	41.238	1732	2.173	41.238	1.446	71.786	3015.000	2.266	71.786	31.857	1338	0.799	31.857	0.352
99	11	18.527	1019	1.207	31.595	41.048	1724.000	2.116	41.048	1.754	31.595	1327	2.058	31.595	41.048	1724.000	2.116	41.048	1.028	48.929	2055	1.550	48.929	45.381	1906	1.157	45.381	0.747
100	12.789	32.349	2038	2.017	32.810	46.048	1934.000	2.246	46.048	1.114	32.810	1378	2.045	32.810	46.048	1934.000	2.246	46.048	1.098	73.071	3069	2.210	73.071	41.095	1726	1.037	41.095	0.469
101	11.045	29.614	1688	1.832	25.595	33.048	1388.000	1.589	33.048	0.867	25.595	1075	1.583	25.595	33.048	1388.000	1.589	33.048	1.003	57.143	2400	1.707	57.143	33.238	1396	0.845	33.238	0.495
102	11	28.836	1586	1.753	30	38.548	1619.000	1.829	38.548	1.044	30	1260	1.823	30	38.548	1619.000	1.829	38.548	1.003	45.548	1913.000	1.354	45.548	31.405	1319	0.797	31.405	0.588
103	9.513	25.136	1106	1.546	17.429	39.905	1676	1.931	39.905	1.249	17.429	732.000	1.072	17.429	39.905	1676	1.931	39.905	1.802	75	3150	2.237	75	39.119	1643	0.991	39.119	0.443
104	9.250	23.920	1196	1.527	32.762	57.524	2416	2.875	57.524	1.882	32.762	1376	2.092	32.762	57.524	2416	2.875	57.524	1.374	61.976	2603	1.898	61.976	31.643	1329	0.797	31.643	0.420
105	14.020	32.031	2050	2.032	34.476	53.881	2263	2.674	53.881	1.316	34.476	1448	2.187	34.476	53.881	2263	2.674	53.881	1.223	66.333	2786	2.038	66.333	33.190	1394	0.835	33.190	0.410
106	13.038	25.585	1663	1.563	25.381	38.500	1617	1.846	38.500	1.181	25.381	1066	1.551	25.381	38.500	1617	1.846	38.500	1.190	57.976	2435	1.738	57.976	28.167	1183	0.710	28.167	0.409
107	13.770	30.517	1831	1.897	35.810	35.500	1491	1.734	35.500	0.914	35.810	1504	2.226	35.810	35.500	1491	1.734	35.500	0.779	55.643	2337	1.703	55.643	32.881	1381	0.830	32.881	0.487
108	9.503	25.574	1202	1.576	36.048	39.071	1641	1.868	39.071	1.185	36.048	1514.000	2.221	36.048	39.071	1641	1.868	39.071	0.841	56.024	2353	1.685	56.024	30.571	1284	0.773	30.571	0.459
109	10.607	27.792	1473	1.705	27.905	49.429	2076	2.357	49.429	1.383	27.905	1172	1.712	27.905	49.429	2076	2.357	49.429	1.377	62.167	2611	1.868	62.167	37.071	1557	0.939	37.071	0.503
110	12.253	30.263	1725	1.904	34.548	42.476	1784	2.066	42.476	1.085	34.548	1451.000	2.173	34.548	42.476	1784	2.066	42.476	0.951	55.476	2330	1.688	55.476	37.571	1578	0.945	37.571	0.559
111	12.502	31.393	1758	1.955	41.500	56.024	2353	2.702	56.024	1.382	41.500	1743	2.585	41.500	56.024	2353	2.702	56.024	1.045	69.214	2907.000	2.113	69.214	37.690	1583	0.975	37.690	0.462
112	13.502	29.478	1975	1.768	33.714	44.619	1874	2.059	44.619	1.164	33.714	1416	2.022	33.714	44.619	1874	2.059	44.619	1.018	56.929	2391	1.675	56.929	50.738	2131	1.286	50.738	0.768
113	16.757	30.667	2576	1.875	33.190	34.857	1464.000	1.656	34.857	0.884	33.190	1394	2.029	33.190	34.857	1464.000	1.656	34.857	0.816	53.143	2232	1.581	53.143	32.833	1379	0.826	32.833	0.522
114	13.770	26.358	1766	1.592	31.167	39.762	1670	1.842	39.762	1.157	31.167	1309	1.882	31.167	39.762	1670	1.842	39.762	0.979	58.643	2463	1.745	58.643	34.024	1429	0.855	34.024	0.490
115	8.764	31.368	1192	1.803	36.333	57	2394	2.526	57	1.401	36.333	1526	2.089	36.333	57	2394	2.526	57	1.209	48.333	2030	1.392	48.333	36	1512	0.909	36	0.653
116	9.503	28.116	1209	1.646	25.667	48	2016	2.153	48	1.308	25.667	1078	1.503	25.667	48	2016	2.153	48	1.433	39.190	1646	1.143	39.190	39.238	1648	0.990	39.238	0.866
117	13.509	34.283	2057	1.927	50.762	45.333	1904	1.939	45.333	1.006	50.762	2132	2.854	50.762	45.333	1904	1.939	45.333	0.679	52.690	2213	1.535	52.690	36.548	1535.000	0.922	36.548	0.601
118	14.534	30.676	2270	1.860	26.524	56.405	2369	2.625	56.405	1.411	26.524	1114	1.609	26.524	56.405	2369	2.625	56.405	1.632	45.310	1903	1.359	45.310	31.952	1342	0.804	31.952	0.591
119	12.500	35.277	2293	1.992	31.024	49.452	2077	2.124	49.452	1.066	31.024	1303	1.752	31.024	49.452	2077	2.124	49.452	1.212	55.190	2318	1.594	55.190	33.810	1420	0.857	33.810	0.538
120	10.277	40.894	1922	2.341	34.667	55.071	2313	2.395	55.071	1.023	34.667	1456	1.985	34.667	55.071	2313	2.395	55.071	1.207	50.333	2114	1.462	50.333	33.619	1412	0.847	33.619	0.579
121	13	35.769	2325	2.087	46.905	54.405	2285	2.396	54.405	1.148	46.905	1970	2.737	46.905	54.405	2285	2.396	54.405	0.875	43.786	1839	1.297	43.786	37.476	1574	0.940	37.476	0.725
122	15.002	28.373	2128	1.656	38.048	45.905	1928	2.044	45.905	1.234	38.048	1598.000	2.221	38.048	45.905	1928	2.044	45.905	0.920	65.190	2738	1.932	65.190	33.095	1390	0.837	33.095	0.433
123	15.008	29.840	2238	1.798	40.286	49.095	2062	2.274	49.095	1.264	40.286	1692	2.428	40.286	49.095	2062	2.274	49.095	0.937	67.571	2838	2.051	67.571	30.667	1288	0.776	30.667	0.378
124	15.782	27.623	2127	1.600	42.071	54.452	2287	2.430	54.452	1.519	42.071	1767	2.437	42.071	54.452	2287	2.430	54.452	0.997	51.929	2181	1.572	51.929	35.857	1506.000	0.907	35.857	0.577
125	14.252	31.413	1979	1.765	38.952	49.524	2080	2.124	49.524	1.203	38.952	1636.000	2.189	38.952	49.524	2080	2.124	49.524	0.970	58.929	2475	1.749	58.929	29	1218	0.730	29	0.418
126	16.267	34.444	2480	1.864	60.595	50.143	2106	2.047	50.143	1.098	60.595	2545	3.280	60.595	50.143	2106	2.047	50.143	0.624	57.333	2408	1.677	57.333	29.905	1256	0.751	29.905	0.448
127	13.022	25.862	1500	1.484	33.286	46.405	1949	2.013	46.405	1.357	33.286	1398	1.909	33.286	46.405	1949	2.013	46.405	1.054	54.857	2304	1.633	54.857	34.119	1433	0.857	34.119	0.525
128	9.779	24.488	1053	1.358	34.929	63.690	2675	2.685	63.690	1.977	34.929	1467	1.938	34.929	63.690	2675	2.685	63.690	1.386	52.548	2207	1.542	52.548	30.619	1286	0.774	30.619	0.502
129	13.558	34.761	2329	1.953	39.667	42.286	1776	1.800	42.286	0.922	39.667	1666	2.229	39.667	42.286	1776	1.800	42.286	0.808	56.405	2369	1.658	56.405	35.429	1488	0.893	35.429	0.539
130	12	31.550	1893	1.813	48.476	47.762	2006	2.082	47.762	1.148	48.476	2036	2.786	48.476	47.762	2006	2.082	47.762	0.747	60.833	2555	1.811	60.833	36.381	1528	0.912	36.381	0.503
131	11.524	26.059	1329	1.501	35.857	44.167	1855	1.917	44.167	1.278	35.857	1506.000	2.065	35.857	44.167	1855	1.917	44.167	0.928	55.071	2313	1.636	55.071	31.738	1333	0.793	31.738	0.485
132	11.275	36.720	1836	2.099	46.738	56.690	2381	2.454	56.690	1.169	46.738	1963	2.672	46.738	56.690	2381	2.454	56.690	0.918	43.976	1847	1.293	43.976	34.048	1430.000	0.847	34.048	0.655
133	13.537	22.265	1514	1.235	43.976	51.643	2169	2.179	51.643	1.765	43.976	1847	2.438	43.976	51.643	2169	2.179	51.643	0.893	75.405	3167.000	2.185	75.405	37.929	1593	0.948	37.929	0.434
134	13.509	36.147	2458	1.980	43.214	56.071	2355	2.348	56.071	1.186	43.214	1815	2.367	43.214	56.071	2355	2.348	56.071	0.992	50.619	2126	1.464	50.619	30.929	1299	0.778	30.929	0.531
135	12.522	33.586	1948	1.866	40.119	53.524	2248	2.255	53.524	1.208	40.119	1685	2.229	40.119	53.524	2248	2.255	53.524	1.012	44.786	1881	1.328	44.786	36.857	1548.000	0.922	36.857	0.694
136	11.750	40.273	2215	2.237	45.667	56.738	2383	2.384	56.738	1.066	45.667	1918	2.536	45.667	56.738	2383	2.384	56.738	0.940	60.738	2551	1.776	60.738	29.238	1228	0.734	29.238	0.413
137	10.253	34.077	1772.000	1.954	43.905	43.190	1814	1.890	43.190	0.967	43.905	1844	2.518	43.905	43.190	1814	1.890	43.190	0.751	46.952	1972.000	1.375	46.952	27.524	1156	0.685	27.524	0.498
138	12.003	21.433	1286	1.257	23.738	39.071	1641	1.731	39.071	1.377	23.738	997	1.392	23.738	39.071	1641	1.731	39.071	1.244	41.429	1740	1.233	41.429	35.238	1480	0.875	35.238	0.710
139	9.513	28.020	1401	1.655	32.143	43.643	1833.000	1.961	43.643	1.185	32.143	1350.000	1.899	32.143	43.643	1833.000	1.961	43.643	1.033	42.357	1779.000	1.264	42.357	27.500	1155	0.682	27.500	0.540
140	13.010	27.250	1744	1.623	39.833	48.762	2048	2.201	48.762	1.356	39.833	1673	2.373	39.833	48.762	2048	2.201	48.762	0.928	50.071	2103	1.497	50.071	37.143	1560.000	0.918	37.143	0.613
141	13.335	44.726	2773	2.709	34.143	58.286	2448	2.674	58.286	0.987	34.143	1434.000	2.068	34.143	58.286	2448	2.674	58.286	1.293	51.167	2149	1.564	51.167	31.214	1311	0.766	31.214	0.490
142	15.550	37.157	2601	2.257	39.810	59.548	2501	2.751	59.548	1.219	39.810	1672	2.418	39.810	59.548	2501	2.751	59.548	1.138	60.143	2526	1.835	60.143	31.976	1343	0.787	31.976	0.429
143	14.285	24.471	1713	1.475	38.214	52.810	2218	2.423	52.810	1.642	38.214	1605	2.304	38.214	52.810	2218	2.423	52.810	1.052	62.381	2620	1.905	62.381	38.214	1605	0.941	38.214	0.494
144	12.273	24.933	1496	1.546	22.071	36.381	1528	1.727	36.381	1.117	22.071	927.000	1.368	22.071	36.381	1528	1.727	36.381	1.262	47.286	1986	1.447	47.286	30.119	1265	0.739	30.119	0.511
145	11.294	26.500	1219	1.654	27.429	36.238	1522	1.729	36.238	1.046	27.429	1152	1.711	27.429	36.238	1522	1.729	36.238	1.010	60.643	2547	1.881	60.643	41.548	1745.000	1.015	41.548	0.540
146	12	25.533	1532	1.575	22.238	34.476	1448	1.613	34.476	1.024	22.238	934	1.372	22.238	34.476	1448	1.613	34.476	1.176	74.262	3119	2.259	74.262	38.071	1599	0.934	38.071	0.414
147	11.500	25.273	1390	1.561	28.405	41.381	1738	1.953	41.381	1.251	28.405	1193	1.755	28.405	41.381	1738	1.953	41.381	1.113	62.595	2629	1.936	62.595	31.452	1321	0.769	31.452	0.397
148	13.002	26.646	1732	1.688	17.857	38.619	1622	1.890	38.619	1.120	17.857	750	1.131	17.857	38.619	1622	1.890	38.619	1.671	62.905	2642	1.982	62.905	34.452	1447.000	0.843	34.452	0.425
149	13.832	26.156	1674	1.594	35.333	56.571	2376	2.621	56.571	1.644	35.333	1484	2.154	35.333	56.571	2376	2.621	56.571	1.217	72.881	3061	2.224	72.881	35.095	1474	0.868	35.095	0.390
150	16.157	29.683	2434	1.808	40.976	60.952	2560	2.822	60.952	1.561	40.976	1721	2.495	40.976	60.952	2560	2.822	60.952	1.131	62.643	2631	1.932	62.643	36.810	1546	0.900	36.810	0.466
151	15.572	34.114	2388	2.133	37.619	57.214	2403	2.744	57.214	1.286	37.619	1580	2.353	37.619	57.214	2403	2.744	57.214	1.166	64.286	2700.000	2.015	64.286	35.333	1484	0.860	35.333	0.427
152	16.095	30.507	2227	1.872	39.071	49.238	2068	2.288	49.238	1.222	39.071	1641	2.398	39.071	49.238	2068	2.288	49.238	0.954	77.214	3243.000	2.400	77.214	38.714	1626	0.940	38.714	0.392
153	18.250	23.756	2138	1.503	39.071	59.738	2509	2.899	59.738	1.929	39.071	1641	2.472	39.071	59.738	2509	2.899	59.738	1.173	75.310	3163	2.358	75.310	42.119	1769	1.022	42.119	0.434
154	17.266	29.263	2224	1.865	35.071	57.738	2425	2.819	57.738	1.512	35.071	1473	2.235	35.071	57.738	2425	2.819	57.738	1.261	70.214	2949.000	2.204	70.214	36.905	1550	0.896	36.905	0.406
155	18.810	31.474	2990	2.001	42.595	55.381	2326	2.694	55.381	1.346	42.595	1789	2.708	42.595	55.381	2326	2.694	55.381	0.995	71.119	2987	2.228	71.119	29.405	1235	0.716	29.405	0.321
156	17.545	26.656	2399	1.682	27.810	46.690	1961	2.236	46.690	1.330	27.810	1168	1.754	27.810	46.690	1961	2.236	46.690	1.274	57.095	2398	1.776	57.095	30.786	1293	0.748	30.786	0.421
157	16.250	24.888	1991	1.633	27.286	41.619	1748	2.097	41.619	1.285	27.286	1146	1.790	27.286	41.619	1748	2.097	41.619	1.172	60.667	2548	1.956	60.667	40.429	1698	0.980	40.429	0.501
158	13.759	36.206	2281	2.364	35.333	40.786	1713	2.040	40.786	0.863	35.333	1484	2.307	35.333	40.786	1713	2.040	40.786	0.884	70.071	2943	2.269	70.071	41.333	1736	1.003	41.333	0.442
159	10	20.220	1011	1.303	21.238	37.238	1564	1.831	37.238	1.405	21.238	892	1.369	21.238	37.238	1564	1.831	37.238	1.338	59.310	2491	1.926	59.310	32.381	1360	0.788	32.381	0.409
160	9.500	16.800	756	1.056	31.167	27.143	1140	1.293	27.143	1.225	31.167	1309	1.959	31.167	27.143	1140	1.293	27.143	0.660	46.214	1941	1.446	46.214	33.214	1395	0.805	33.214	0.557
161	11.753	19.132	1014.000	1.231	22.952	38.667	1624	1.894	38.667	1.538	22.952	964	1.477	22.952	38.667	1624	1.894	38.667	1.282	48.929	2055	1.552	48.929	39.667	1666	0.963	39.667	0.621
162	12.510	23.537	1271	1.486	24.524	47.333	1988	2.262	47.333	1.522	24.524	1030	1.548	24.524	47.333	1988	2.262	47.333	1.461	66.048	2774	2.085	66.048	40.500	1701	0.985	40.500	0.472
163	11	30.418	1673	1.916	25.952	46.690	1961	2.235	46.690	1.167	25.952	1090	1.634	25.952	46.690	1961	2.235	46.690	1.367	62.238	2614	1.955	62.238	32.690	1373	0.793	32.690	0.406
164	14.020	32.825	2068	2.102	34.905	64.762	2720	3.146	64.762	1.497	34.905	1466	2.236	34.905	64.762	2720	3.146	64.762	1.407	50.190	2108	1.615	50.190	47.238	1984	1.141	47.238	0.706
165	18.502	28.762	2416	1.849	31.190	52.286	2196	2.550	52.286	1.379	31.190	1310	2.006	31.190	52.286	2196	2.550	52.286	1.272	73.429	3084	2.356	73.429	53.095	2230	1.287	53.095	0.546
166	25.505	29.957	3475	1.940	37.048	61.238	2572	3.032	61.238	1.563	37.048	1556.000	2.399	37.048	61.238	2572	3.032	61.238	1.264	82.262	3455	2.655	82.262	46.310	1945	1.119	46.310	0.422
167	21.552	31.825	3087	2.113	49.286	69.071	2901	3.507	69.071	1.660	49.286	2070	3.272	49.286	69.071	2901	3.507	69.071	1.072	73.190	3074	2.384	73.190	54.357	2283	1.317	54.357	0.552
168	23.834	24.780	2924	1.534	34.952	68.881	2893	3.223	68.881	2.101	34.952	1468.000	2.163	34.952	68.881	2893	3.223	68.881	1.490	81.595	3427.000	2.543	81.595	52.119	2189	1.262	52.119	0.496
169	21.073	32.505	3088	2.122	22.548	67.833	2849	3.379	67.833	1.592	22.548	947	1.472	22.548	67.833	2849	3.379	67.833	2.296	79.119	3323	2.568	79.119	48.405	2033	1.167	48.405	0.454
170	18.277	31.878	2869	2.003	38.548	55.929	2349	2.671	55.929	1.334	38.548	1619.000	2.422	38.548	55.929	2349	2.671	55.929	1.103	72.881	3061	2.296	72.881	58.238	2446	1.407	58.238	0.613
171	14.427	27.881	1868	1.867	32.952	53.619	2252	2.742	53.619	1.469	32.952	1384.000	2.207	32.952	53.619	2252	2.742	53.619	1.243	75.905	3188.000	2.471	75.905	55.143	2316	1.322	55.143	0.535
172	10.762	30.660	1625	1.991	46.595	68.976	2897	3.411	68.976	1.713	46.595	1957	3.026	46.595	68.976	2897	3.411	68.976	1.127	58.976	2477	1.868	58.976	49.952	2098	1.196	49.952	0.640
173	13.252	41.631	2706	2.723	30.143	69.524	2920	3.493	69.524	1.283	30.143	1266	1.972	30.143	69.524	2920	3.493	69.524	1.771	62.500	2625	2.011	62.500	46.595	1957	1.113	46.595	0.554
174	12.273	29.233	1754	1.993	37.690	49.857	2094	2.633	49.857	1.322	37.690	1583	2.569	37.690	49.857	2094	2.633	49.857	1.025	70.857	2976	2.291	70.857	48.857	2052	1.164	48.857	0.508
175	12.502	34.281	1954	2.318	25.500	45.476	1910	2.364	45.476	1.020	25.500	1071	1.724	25.500	45.476	1910	2.364	45.476	1.371	76.167	3199	2.471	76.167	52.476	2204	1.252	52.476	0.507
176	12.540	27.246	1771	1.757	30.238	35	1470	1.731	35	0.985	30.238	1270	1.950	30.238	35	1470	1.731	35	0.888	70.667	2968	2.211	70.667	47.833	2009	1.149	47.833	0.520
177	13.022	26	1664	1.700	32.500	40.524	1702	2.063	40.524	1.214	32.500	1365	2.124	32.500	40.524	1702	2.063	40.524	0.971	65.357	2745	2.066	65.357	39.452	1657.000	0.968	39.452	0.469
178	11.500	27.218	1497	1.866	21.952	35.738	1501	1.912	35.738	1.025	21.952	922	1.505	21.952	35.738	1501	1.912	35.738	1.270	54.476	2288	1.779	54.476	38.333	1610	0.911	38.333	0.512
179	8.754	23.548	989	1.655	25.857	36.452	1531.000	1.993	36.452	1.205	25.857	1086	1.817	25.857	36.452	1531.000	1.993	36.452	1.097	53.714	2256	1.820	53.714	38.714	1626	0.906	38.714	0.498
180	14.002	17.317	1091	1.345	15.286	24.381	1024	1.552	24.381	1.154	15.286	642	1.187	15.286	24.381	1024	1.552	24.381	1.307	39.619	1664	1.559	39.619	53.071	2229	1.468	53.071	0.942
181	12.273	19.097	1184	1.331	20.262	31.571	1326	1.713	31.571	1.286	20.262	851	1.413	20.262	31.571	1326	1.713	31.571	1.212	68.738	2887	2.350	68.738	64.119	2693	1.551	64.119	0.660
182	13.521	21.171	1482	1.501	23.048	37.452	1573.000	2.097	37.452	1.397	23.048	968	1.634	23.048	37.452	1573.000	2.097	37.452	1.283	70.333	2954	2.400	70.333	44.738	1879	1.064	44.738	0.443
183	14.036	27.014	1918	1.958	24.762	40.976	1721	2.338	40.976	1.194	24.762	1040	1.795	24.762	40.976	1721	2.338	40.976	1.303	68.357	2871	2.384	68.357	81.548	3425	1.928	81.548	0.809
184	17.778	22.540	1961	1.670	26.048	38.833	1631	2.266	38.833	1.357	26.048	1094	1.930	26.048	38.833	1631	2.266	38.833	1.174	71.857	3018	2.613	71.857	77.405	3251.000	1.822	77.405	0.697
185	19.514	21.920	1929	1.640	24.262	41.929	1761	2.473	41.929	1.508	24.262	1019	1.816	24.262	41.929	1761	2.473	41.929	1.362	68.381	2872	2.488	68.381	59	2478	1.376	59	0.553
186	18	21.178	1906	1.585	21.595	39.714	1668	2.350	39.714	1.482	21.595	907	1.617	21.595	39.714	1668	2.350	39.714	1.454	80.738	3391	2.953	80.738	60.119	2525	1.425	60.119	0.482
187	19.002	18.589	1766.000	1.385	30.976	49.024	2059	2.882	49.024	2.080	30.976	1301	2.308	30.976	49.024	2059	2.882	49.024	1.248	91.952	3862	3.332	91.952	85.095	3574.000	1.973	85.095	0.592
188	17.252	25.114	2210	1.838	25.190	41.548	1745.000	2.401	41.548	1.307	25.190	1058	1.843	25.190	41.548	1745.000	2.401	41.548	1.303	73.905	3104.000	2.669	73.905	47.976	2015	1.122	47.976	0.420
189	15	18.720	1404	1.384	20.976	50.786	2133	2.920	50.786	2.109	20.976	881.000	1.551	20.976	50.786	2133	2.920	50.786	1.882	64.643	2715	2.351	64.643	69.619	2924	1.626	69.619	0.692
190	12.760	27.138	1574	1.979	19.619	48.690	2045	2.755	48.690	1.392	19.619	824	1.431	19.619	48.690	2045	2.755	48.690	1.925	50.762	2132	1.832	50.762	65.714	2760.000	1.560	65.714	0.851
191	13.288	17.897	1217	1.301	27.905	41.952	1762.000	2.372	41.952	1.823	27.905	1172	2.029	27.905	41.952	1762.000	2.372	41.952	1.169	62.095	2608	2.261	62.095	76.071	3195	1.832	76.071	0.810
192	9.280	17.767	764	1.333	30.286	49.857	2094	2.952	49.857	2.214	30.286	1272	2.273	30.286	49.857	2094	2.952	49.857	1.299	59.286	2490	2.244	59.286	64.595	2713.000	1.569	64.595	0.699
193	11.503	15.527	854	1.212	27.452	45.643	1917.000	2.863	45.643	2.363	27.452	1153	2.142	27.452	45.643	1917.000	2.863	45.643	1.336	53.738	2257	2.154	53.738	53.405	2243	1.318	53.405	0.612
194	10.503	17.438	837	1.382	26.643	33.238	1396	2.161	33.238	1.564	26.643	1119	2.111	26.643	33.238	1396	2.161	33.238	1.024	70.690	2969	2.925	70.690	40.810	1714	1.054	40.810	0.360
195	9.503	20.800	936	1.676	14.619	31.500	1323	2.069	31.500	1.235	14.619	614	1.178	14.619	31.500	1323	2.069	31.500	1.757	72.357	3039	3.036	72.357	41.714	1752	1.075	41.714	0.354
196	12.042	15.229	731	1.240	24.738	28.286	1188	1.900	28.286	1.532	24.738	1039	2.015	24.738	28.286	1188	1.900	28.286	0.943	57.952	2434	2.445	57.952	38.833	1631	1.007	38.833	0.412
197	11.003	13.300	665	1.066	16.690	28.048	1178	1.826	28.048	1.714	16.690	701	1.337	16.690	28.048	1178	1.826	28.048	1.366	61.500	2583	2.525	61.500	56.143	2358	1.419	56.143	0.562
198	12.540	20.200	1010	1.652	24.214	35.071	1473	2.346	35.071	1.420	24.214	1017	1.980	24.214	35.071	1473	2.346	35.071	1.185	45.262	1901	1.887	45.262	46.500	1953	1.178	46.500	0.624
199	12.314	16.508	1040	1.292	15.095	33.667	1414	2.104	33.667	1.629	15.095	634	1.181	15.095	33.667	1414	2.104	33.667	1.781	65.667	2758	2.583	65.667	50.690	2129	1.171	50.690	0.453
200	13.010	19.424	1146	1.604	20.333	29.286	1230	1.971	29.286	1.228	20.333	854	1.679	20.333	29.286	1230	1.971	29.286	1.173	49	2058	2.139	49	46	1932	1.141	46	0.533
201	12.906	19.127	1205	1.520	23.762	28.310	1189	1.789	28.310	1.177	23.762	998	1.888	23.762	28.310	1189	1.789	28.310	0.948	51.690	2171	2.113	51.690	42.595	1789	1.015	42.595	0.480
202	14.036	19.972	1418	1.648	24.881	25.405	1067	1.701	25.405	1.032	24.881	1045	2.054	24.881	25.405	1067	1.701	25.405	0.828	41.619	1748	1.811	41.619	45.190	1898	1.110	45.190	0.613
203	12.042	15.600	936	1.264	14.714	28.905	1214	1.897	28.905	1.500	14.714	618	1.192	14.714	28.905	1214	1.897	28.905	1.591	38.524	1618	1.642	38.524	42.262	1775	1.025	42.262	0.624
204	14.305	15.578	997	1.248	18.762	28.476	1196	1.861	28.476	1.491	18.762	788	1.503	18.762	28.476	1196	1.861	28.476	1.238	40.738	1711	1.671	40.738	49.643	2085	1.137	49.643	0.680
205	10.796	11.833	497	0.940	12.143	29.667	1246	1.890	29.667	2.011	12.143	510	0.964	12.143	29.667	1246	1.890	29.667	1.960	70.952	2980	2.879	70.952	44.238	1858	1.014	44.238	0.352
206	11.845	16.618	914	1.330	19.952	35.690	1499	2.298	35.690	1.728	19.952	838	1.597	19.952	35.690	1499	2.298	35.690	1.439	63.095	2650	2.563	63.095	53.571	2250	1.242	53.571	0.485
207	12.003	16.574	895.000	1.336	18.643	21.667	910	1.410	21.667	1.055	18.643	783	1.503	18.643	21.667	910	1.410	21.667	0.938	48.690	2045	2.011	48.690	44.833	1883	1.040	44.833	0.517
208	11.261	19.877	1133	1.610	18.810	26.381	1108	1.730	26.381	1.075	18.810	790	1.524	18.810	26.381	1108	1.730	26.381	1.136	42.095	1768	1.757	42.095	49.071	2061	1.150	49.071	0.654
209	10.250	14.540	727	1.180	17.095	27.786	1167	1.815	27.786	1.538	17.095	718	1.388	17.095	27.786	1167	1.815	27.786	1.308	52.619	2210	2.155	52.619	50.405	2117	1.174	50.405	0.545
210	11.503	27.429	1344	2.204	22.667	43.167	1813	2.801	43.167	1.271	22.667	952	1.821	22.667	43.167	1813	2.801	43.167	1.538	58.357	2451	2.420	58.357	52.405	2201	1.225	52.405	0.506
211	14.009	23.841	1502	1.959	25.690	45.738	1921	3.085	45.738	1.575	25.690	1079	2.111	25.690	45.738	1921	3.085	45.738	1.462	65.095	2734.000	2.737	65.095	60.452	2539	1.403	60.452	0.512
212	16.298	22.350	1788	1.862	24.738	40.238	1690	2.761	40.238	1.483	24.738	1039	2.061	24.738	40.238	1690	2.761	40.238	1.339	60.714	2550	2.629	60.714	60.952	2560	1.402	60.952	0.533
213	19.540	20.947	1990.000	1.796	16	56.714	2382	4.007	56.714	2.231	16	672	1.372	16	56.714	2382	4.007	56.714	2.921	75.071	3153	3.453	75.071	57.190	2402	1.313	57.190	0.380
214	21.274	20.315	2194	1.773	26.714	39.262	1649	2.850	39.262	1.607	26.714	1122	2.332	26.714	39.262	1649	2.850	39.262	1.222	60.405	2537	2.884	60.405	55.071	2313	1.262	55.071	0.438
215	17.545	16.273	1253	1.447	16.952	35.500	1491	2.642	35.500	1.825	16.952	712	1.508	16.952	35.500	1491	2.642	35.500	1.752	65.048	2732	3.182	65.048	60.595	2545	1.414	60.595	0.444
216	15.052	19.933	1495	1.819	33.452	51.929	2181	4.083	51.929	2.245	33.452	1405.000	3.053	33.452	51.929	2181	4.083	51.929	1.338	60.524	2542	3.136	60.524	56.095	2356	1.432	56.095	0.457
217	14.502	23.987	1799	2.142	22.595	38.619	1622	2.938	38.619	1.371	22.595	949	2.018	22.595	38.619	1622	2.938	38.619	1.456	66.595	2797.000	3.353	66.595	66.381	2788	1.560	66.381	0.465
218	14.752	17.479	1276	1.595	21.143	40.476	1700	3.177	40.476	1.992	21.143	888	1.929	21.143	40.476	1700	3.177	40.476	1.647	62.381	2620	3.226	62.381	58.119	2441	1.388	58.119	0.430
219	13.250	16.757	1173	1.553	14.524	27.786	1167	2.231	27.786	1.437	14.524	610	1.346	14.524	27.786	1167	2.231	27.786	1.657	57.357	2409	3.073	57.357	45.024	1891	1.158	45.024	0.377
220	14.784	17.712	1293	1.600	18.071	24.667	1036	1.902	24.667	1.189	18.071	759.000	1.632	18.071	24.667	1036	1.902	24.667	1.165	47.048	1976.000	2.423	47.048	44.405	1865	1.063	44.405	0.439
221	12.258	14.129	876	1.255	17.119	25.333	1064	1.899	25.333	1.513	17.119	719	1.521	17.119	25.333	1064	1.899	25.333	1.249	47.643	2001.000	2.397	47.643	61.762	2594	1.426	61.762	0.595
222	10.753	20.959	1027	1.901	16.452	23.595	991	1.803	23.595	0.948	16.452	691	1.492	16.452	23.595	991	1.803	23.595	1.208	51.548	2165	2.636	51.548	50.262	2111	1.150	50.262	0.436
223	9.552	14.158	538	1.281	13.143	20.952	880	1.627	20.952	1.269	13.143	552	1.189	13.143	20.952	880	1.627	20.952	1.368	33.571	1410	1.764	33.571	57.595	2419	1.318	57.595	0.747
224	13.002	43	2795	2.289	53.786	22.286	936	1.737	22.286	0.759	19.381	814	1.778	19.381	22.286	936	1.737	22.286	0.977	53.786	2259	2.863	53.786	53.905	2264	1.240	53.905	0.433
225	8.754	31.553	1199	1.701	38.762	32.619	1370	2.566	32.619	1.509	21.810	916	2.007	21.810	32.619	1370	2.566	32.619	1.278	38.762	1628	2.090	38.762	46.905	1970	1.088	46.905	0.521
226	13.521	33.967	2038	1.794	37.762	26.976	1133	2.106	26.976	1.174	14.833	623	1.348	14.833	26.976	1133	2.106	26.976	1.562	37.762	1586	1.995	37.762	50.310	2113	1.149	50.310	0.576
227	11.500	34.891	1919	1.891	34.286	27.738	1165	2.202	27.738	1.165	15.048	632	1.389	15.048	27.738	1165	2.202	27.738	1.585	34.286	1440	1.858	34.286	51.690	2171	1.191	51.690	0.641
228	10.776	41.891	2304	2.275	37.643	33.643	1413.000	2.653	33.643	1.166	18.024	757.000	1.661	18.024	33.643	1413.000	2.653	33.643	1.597	37.643	1581.000	2.044	37.643	80.024	3361	1.847	80.024	0.904
229	12	32.883	1973	1.829	35.881	18.524	778.000	1.484	18.524	0.811	13.833	581	1.293	13.833	18.524	778.000	1.484	18.524	1.148	35.881	1507	1.996	35.881	74.619	3134	1.732	74.619	0.868
230	10.277	40.849	2165	2.404	44.833	24.286	1020	2.012	24.286	0.837	12.857	540	1.229	12.857	24.286	1020	2.012	24.286	1.638	44.833	1883	2.639	44.833	73.952	3106	1.744	73.952	0.661
231	11.319	30.849	1635	1.786	42.119	27.857	1170	2.278	27.857	1.276	14.762	620	1.396	14.762	27.857	1170	2.278	27.857	1.632	42.119	1769	2.438	42.119	66.952	2812	1.567	66.952	0.643
232	18.062	26.967	2427	1.575	34.810	28.095	1180	2.300	28.095	1.461	15.262	641	1.447	15.262	28.095	1180	2.300	28.095	1.590	34.810	1462	2.033	34.810	65.738	2761	1.530	65.738	0.752
233	14.769	35.459	2624	2.084	35.167	23.119	971	1.918	23.119	0.920	12.405	521	1.182	12.405	23.119	971	1.918	23.119	1.622	35.167	1477	2.067	35.167	87.071	3657	2.068	87.071	1.000
234	17.046	27.238	2288	1.581	30.190	20.548	863	1.685	20.548	1.066	17.024	715.000	1.624	17.024	20.548	863	1.685	20.548	1.038	30.190	1268	1.753	30.190	71.548	3005	1.681	71.548	0.959
235	15.782	34.113	2115	1.997	48.048	23.786	999	1.964	23.786	0.983	16.333	686	1.553	16.333	23.786	999	1.964	23.786	1.265	48.048	2018.000	2.813	48.048	82.881	3481	1.967	82.881	0.699
236	15.782	30.844	2375	1.810	38.143	24.714	1038	2.029	24.714	1.121	11.810	496	1.118	11.810	24.714	1038	2.029	24.714	1.815	38.143	1602.000	2.238	38.143	79.429	3336	1.857	79.429	0.830
237	16.502	36.120	2709	2.148	32.595	22.190	932	1.827	22.190	0.851	11.190	470	1.069	11.190	22.190	932	1.827	22.190	1.710	32.595	1369	1.938	32.595	79.571	3342	1.901	79.571	0.981
238	15.268	28.279	1923	1.689	38.333	21.571	906.000	1.790	21.571	1.060	13.262	557	1.273	13.262	21.571	906.000	1.790	21.571	1.406	38.333	1610	2.289	38.333	65.571	2754	1.556	65.571	0.680
239	16.095	30.808	2249	1.874	36.786	25.071	1053	2.106	25.071	1.123	14.071	591	1.360	14.071	25.071	1053	2.106	25.071	1.549	36.786	1545	2.238	36.786	73.143	3072	1.732	73.143	0.774
240	18.252	36.272	2938.000	2.217	38.905	19.810	832	1.658	19.810	0.748	10.810	454	1.043	10.810	19.810	832	1.658	19.810	1.591	38.905	1634	2.378	38.905	87.881	3691	2.071	87.881	0.871
