Frame	Mem Length	A-CatApicalMean	A-CatApicalSum	A-CatApicalNorm	A-CatApicalVertices	ActinApicalMean	ActinApicalSum	ActinApicalNorm	ActinApicalVertices	ApicalRatio	A-CatMedialMean	A-CatMedialSum	A-CatMedialNorm	A-CatMedialVertices	ActinMedialMean	ActinMedialSum	ActinMedialNorm	ActinMedialVertices	MedialRatio	A-CatBasalMean	A-CatBasalSum	A-CatBasalNorm	A-CatBasalVertices	ActinBasalMean	ActinBasalSum	ActinBasalNorm	ActinBasalVertices	BasalRatio
1	10.078	37.167	2007.000	1.904	41.857	42.548	1787.000	1.613	42.548	0.847	41.857	1758.000	2.144	41.857	42.548	1787.000	1.613	42.548	0.752	59.738	2509	1.544	59.738	33.262	1397	0.761	33.262	0.493
2	8.696	33.881	1423	1.773	29.810	46.238	1942	1.806	46.238	1.019	29.810	1252	1.560	29.810	46.238	1942	1.806	46.238	1.158	70.024	2941	1.833	70.024	27.881	1171	0.638	27.881	0.348
3	9.062	42.814	1841	2.265	37.905	45.119	1895	1.795	45.119	0.792	37.905	1592	2.005	37.905	45.119	1895	1.795	45.119	0.895	76.190	3200	1.998	76.190	32.690	1373	0.750	32.690	0.375
4	10.770	30.037	1622	1.506	40.643	35.857	1506.000	1.336	35.857	0.887	40.643	1707.000	2.038	40.643	35.857	1506.000	1.336	35.857	0.656	74.071	3111	1.899	74.071	29.524	1240	0.685	29.524	0.361
5	8.310	37.721	1622	1.933	35.095	35.619	1496	1.371	35.619	0.709	35.095	1474	1.798	35.095	35.619	1496	1.371	35.619	0.762	68.500	2877	1.773	68.500	28.190	1184	0.652	28.190	0.368
6	9.763	25.635	1333	1.351	30.262	37.310	1567	1.482	37.310	1.097	30.262	1271	1.595	30.262	37.310	1567	1.482	37.310	0.929	59.667	2506	1.555	59.667	28.952	1216	0.675	28.952	0.434
7	6.933	30.590	1193	1.550	37.833	40.786	1713	1.567	40.786	1.011	37.833	1589	1.918	37.833	40.786	1713	1.567	40.786	0.817	54.476	2288	1.405	54.476	27.833	1169	0.650	27.833	0.463
8	12.522	38.117	2287	2.020	45	47.762	2006	1.927	47.762	0.954	45	1890	2.385	45	47.762	2006	1.927	47.762	0.808	49.500	2079	1.292	49.500	37.690	1583	0.876	37.690	0.678
9	9.618	29.500	1357	1.602	23.429	34.214	1437	1.410	34.214	0.880	23.429	984.000	1.272	23.429	34.214	1437	1.410	34.214	1.108	55.833	2345	1.467	55.833	29.810	1252	0.694	29.810	0.473
10	9.192	23.083	1108	1.260	31.905	32.024	1345	1.319	32.024	1.047	31.905	1340	1.742	31.905	32.024	1345	1.319	32.024	0.757	68.786	2889.000	1.839	68.786	29.952	1258	0.698	29.952	0.379
11	8.276	47.444	2135	2.505	42.429	40.905	1718	1.616	40.905	0.645	42.429	1782	2.240	42.429	40.905	1718	1.616	40.905	0.721	51	2142	1.346	51	25.857	1086	0.600	25.857	0.446
12	7.941	39	1521	2.194	35.357	52.762	2216	2.244	52.762	1.023	35.357	1485.000	1.989	35.357	52.762	2216	2.244	52.762	1.128	79.167	3325	2.127	79.167	28.524	1198	0.660	28.524	0.311
13	8.839	28.444	1280	1.654	35.024	33.262	1397	1.468	33.262	0.887	35.024	1471	2.037	35.024	33.262	1397	1.468	33.262	0.721	61.619	2588	1.681	61.619	33.667	1414	0.782	33.667	0.465
14	9.192	19.521	937	1.111	30.119	38.571	1620	1.668	38.571	1.501	30.119	1265	1.714	30.119	38.571	1620	1.668	38.571	0.973	65.952	2770	1.805	65.952	35.524	1492	0.830	35.524	0.460
15	10.595	27.138	1574	1.507	29.595	39	1638	1.637	39	1.087	29.595	1243	1.644	29.595	39	1638	1.637	39	0.996	47.357	1989.000	1.285	47.357	38.857	1632.000	0.912	38.857	0.710
16	14.944	23.786	1665	1.287	29.357	37.976	1595	1.563	37.976	1.214	29.357	1233	1.589	29.357	37.976	1595	1.563	37.976	0.984	56.190	2360	1.522	56.190	26.262	1103	0.623	26.262	0.409
17	17.236	30.383	2856	1.747	34.024	34.905	1466	1.536	34.905	0.880	34.024	1429	1.956	34.024	34.905	1466	1.536	34.905	0.785	55.643	2337	1.545	55.643	39.405	1655	0.931	39.405	0.603
18	16.808	29.871	2539	1.715	34.714	43.500	1827	1.903	43.500	1.110	34.714	1458	1.993	34.714	43.500	1827	1.903	43.500	0.955	64.690	2717	1.800	64.690	49.262	2069	1.166	49.262	0.647
19	12.442	31.692	2060	1.784	31.786	42.119	1769	1.786	42.119	1.001	31.786	1335	1.789	31.786	42.119	1769	1.786	42.119	0.998	71.476	3002	1.970	71.476	50.690	2129	1.201	50.690	0.610
20	16.128	33.282	2829	1.914	38.786	45.405	1907	2.004	45.405	1.047	38.786	1629	2.231	38.786	45.405	1907	2.004	45.405	0.898	61.810	2596	1.724	61.810	47.857	2010.000	1.135	47.857	0.658
21	14.650	34.775	2782	2.041	33.333	34.214	1437	1.516	34.214	0.743	33.333	1400	1.956	33.333	34.214	1437	1.516	34.214	0.775	82.667	3472	2.333	82.667	50.786	2133	1.196	50.786	0.513
22	14.560	34.986	2589	2.046	42.190	49.452	2077	2.224	49.452	1.087	42.190	1772	2.467	42.190	49.452	2077	2.224	49.452	0.901	79.738	3349	2.249	79.738	44.024	1849	1.045	44.024	0.465
23	13.139	39.543	2768	2.303	42.238	36.333	1526	1.620	36.333	0.704	42.238	1774	2.460	42.238	36.333	1526	1.620	36.333	0.659	86.643	3639	2.447	86.643	39.024	1639	0.931	39.024	0.380
24	12.412	37.338	2427	2.135	42.190	48.833	2051	2.129	48.833	0.997	42.190	1772	2.413	42.190	48.833	2051	2.129	48.833	0.882	74.476	3128	2.095	74.476	34.381	1444	0.822	34.381	0.392
25	10.371	26.396	1399	1.603	24.024	39.238	1648	1.850	39.238	1.154	24.024	1009.000	1.459	24.024	39.238	1648	1.850	39.238	1.268	71.238	2992	2.050	71.238	30.619	1286	0.731	30.619	0.356
26	11.543	29.714	1664	1.852	24.214	36.381	1528	1.752	36.381	0.946	24.214	1017	1.509	24.214	36.381	1528	1.752	36.381	1.161	54.595	2293	1.607	54.595	46	1932	1.099	46	0.684
27	8.779	23.348	1074	1.381	15.976	37.214	1563	1.687	37.214	1.222	15.976	671	0.945	15.976	37.214	1563	1.687	37.214	1.786	50.095	2104	1.436	50.095	40.429	1698	0.970	40.429	0.676
28	10.515	36.365	1891	2.185	34.476	32.881	1381	1.528	32.881	0.700	34.476	1448	2.071	34.476	32.881	1381	1.528	32.881	0.738	48.190	2024	1.399	48.190	38.405	1613	0.925	38.405	0.661
29	11.753	27.288	1610	1.678	22.976	36.714	1542	1.757	36.714	1.047	22.976	965.000	1.413	22.976	36.714	1542	1.757	36.714	1.244	51	2142	1.523	51	33.381	1402	0.800	33.381	0.525
30	11.424	26.441	1560	1.589	28.095	37.405	1571	1.734	37.405	1.091	28.095	1180	1.689	28.095	37.405	1571	1.734	37.405	1.027	52.429	2202	1.542	52.429	39.476	1658	0.953	39.476	0.618
31	15.876	32.267	2420	1.933	40.167	32.476	1364	1.502	32.476	0.777	40.167	1687	2.407	40.167	32.476	1364	1.502	32.476	0.624	68.357	2871	1.993	68.357	33.286	1398	0.801	33.286	0.402
32	9.062	29.868	1583	1.844	29.143	46.643	1959.000	2.240	46.643	1.215	29.143	1224	1.799	29.143	46.643	1959.000	2.240	46.643	1.245	76.833	3227	2.247	76.833	42.452	1783.000	1.022	42.452	0.455
33	11.560	28.155	1633	1.812	22.714	29.214	1227	1.456	29.214	0.803	22.714	954	1.462	22.714	29.214	1227	1.456	29.214	0.996	57.381	2410	1.728	57.381	27.952	1174	0.668	27.952	0.386
34	10.277	30.339	1699	1.902	31.762	38.667	1624	1.846	38.667	0.970	31.762	1334	1.992	31.762	38.667	1624	1.846	38.667	0.927	70.405	2957.000	2.087	70.405	32.357	1359.000	0.777	32.357	0.372
35	9.582	28.500	1425	1.878	26.500	37.786	1587	1.930	37.786	1.027	26.500	1113	1.747	26.500	37.786	1587	1.930	37.786	1.105	67.405	2831.000	2.049	67.405	35.214	1479	0.842	35.214	0.411
36	10.831	33.712	1753	2.197	28.524	25.048	1052	1.261	25.048	0.574	28.524	1198	1.859	28.524	25.048	1052	1.261	25.048	0.678	60.690	2549	1.827	60.690	32.952	1384.000	0.794	32.952	0.435
37	8.420	26.478	1218	1.767	23.429	33.095	1390	1.728	33.095	0.978	23.429	984.000	1.564	23.429	33.095	1390	1.728	33.095	1.105	72.619	3050	2.235	72.619	35.452	1489.000	0.846	35.452	0.379
38	6.490	25.838	956	1.722	28.357	32.286	1356	1.682	32.286	0.977	28.357	1191	1.890	28.357	32.286	1356	1.682	32.286	0.890	57.190	2402	1.776	57.190	34.762	1460	0.830	34.762	0.467
39	6.878	25.026	976	1.689	25.667	32.690	1373	1.718	32.690	1.018	25.667	1078	1.732	25.667	32.690	1373	1.718	32.690	0.992	50.262	2111	1.571	50.262	35.571	1494	0.849	35.571	0.540
40	5.397	27.148	733	1.872	26.976	39.833	1673	2.178	39.833	1.163	26.976	1133	1.860	26.976	39.833	1673	2.178	39.833	1.170	64.262	2699	2.051	64.262	42	1764	0.995	42	0.485
41	6.828	30.927	1268	2.119	28.548	37.286	1566	2.006	37.286	0.947	28.548	1199	1.956	28.548	37.286	1566	2.006	37.286	1.026	52.976	2225	1.680	52.976	32.190	1352	0.766	32.190	0.456
42	7.492	27.488	1127	1.847	24.381	29.738	1249	1.576	29.738	0.853	24.381	1024	1.638	24.381	29.738	1249	1.576	29.738	0.962	66.095	2776.000	2.069	66.095	40.167	1687	0.962	40.167	0.465
43	8.835	24.326	1046	1.663	26.762	41.810	1756	2.270	41.810	1.365	26.762	1124	1.830	26.762	41.810	1756	2.270	41.810	1.240	67.190	2822	2.116	67.190	50.548	2123	1.213	50.548	0.573
44	12.415	20.815	1353	1.382	16.119	41.905	1760	2.169	41.905	1.569	16.119	677	1.070	16.119	41.905	1760	2.169	41.905	2.026	51.524	2164	1.575	51.524	41.357	1737.000	0.994	41.357	0.631
45	10.515	23	1196	1.641	27.095	27.714	1164	1.585	27.714	0.966	27.095	1138	1.933	27.095	27.714	1164	1.585	27.714	0.820	58.143	2442	1.917	58.143	44.500	1869	1.065	44.500	0.555
46	13.309	24.049	1467	1.703	23.619	37.024	1555	2.105	37.024	1.237	23.619	992	1.672	23.619	37.024	1555	2.105	37.024	1.259	50.333	2114	1.660	50.333	46.929	1971	1.124	46.929	0.677
47	17.004	23.873	1886	1.681	27.714	31.619	1328	1.768	31.619	1.052	27.714	1164	1.951	27.714	31.619	1328	1.768	31.619	0.906	77.429	3252	2.531	77.429	38.714	1626	0.925	38.714	0.365
48	13.532	18.351	1413	1.313	16.643	39.595	1663	2.232	39.595	1.700	16.643	699	1.191	16.643	39.595	1663	2.232	39.595	1.874	62.762	2636	2.086	62.762	44.881	1885	1.062	44.881	0.509
49	13	21.429	1500	1.572	22.071	31.381	1318	1.858	31.381	1.182	22.071	927.000	1.619	22.071	31.381	1318	1.858	31.381	1.148	44.405	1865	1.523	44.405	41.238	1732	0.975	41.238	0.640
50	14.199	24.658	1800	1.789	22.619	32.786	1377	1.906	32.786	1.065	22.619	950	1.641	22.619	32.786	1377	1.906	32.786	1.161	67.976	2855	2.294	67.976	45.810	1924	1.086	45.810	0.473
51	13.463	16.421	936.000	1.230	25	26.119	1097	1.610	26.119	1.308	25	1050	1.873	25	26.119	1097	1.610	26.119	0.859	67.500	2835	2.425	67.500	39.429	1656	1.040	39.429	0.429
52	13.203	19.540	1231	1.510	16.667	25.905	1088	1.670	25.905	1.106	16.667	700	1.288	16.667	25.905	1088	1.670	25.905	1.296	70.548	2963	2.651	70.548	28.167	1183	0.761	28.167	0.287
53	13	24.293	1409	1.803	22.357	26.500	1113	1.623	26.500	0.900	22.357	939	1.660	22.357	26.500	1113	1.623	26.500	0.978	57.690	2423	2.060	57.690	35.833	1505	0.959	35.833	0.466
54	10.124	22.283	1181	1.703	22.905	22.429	942.000	1.424	22.429	0.836	22.905	962	1.750	22.905	22.429	942.000	1.424	22.429	0.813	62.571	2628	2.269	62.571	33.452	1405.000	0.898	33.452	0.396
55	12.083	16.846	1095	1.289	19.333	22.071	927.000	1.403	22.071	1.088	19.333	812	1.480	19.333	22.071	927.000	1.403	22.071	0.948	59.452	2497	2.214	59.452	29.643	1245	0.811	29.643	0.366
56	13.231	16.071	1125	1.216	14.095	21.190	890	1.313	21.190	1.079	14.095	592	1.067	14.095	21.190	890	1.313	21.190	1.230	75.381	3166	2.766	75.381	32.857	1380.000	0.906	32.857	0.328
57	11.982	18.576	1096	1.387	18.667	21.857	918	1.343	21.857	0.968	18.667	784	1.394	18.667	21.857	918	1.343	21.857	0.963	50.214	2109	1.799	50.214	24.524	1030	0.679	24.524	0.377
58	12.026	19.400	1261	1.411	21.881	21.310	895	1.262	21.310	0.894	21.881	919	1.591	21.881	21.310	895	1.262	21.310	0.793	52.167	2191	1.833	52.167	30.167	1267	0.839	30.167	0.458
59	12.572	17.125	1096	1.234	31.024	13.357	561	0.789	13.357	0.639	31.024	1303	2.236	31.024	13.357	561	0.789	13.357	0.353	57.762	2426	1.989	57.762	30.310	1273	0.822	30.310	0.413
60	13.210	24.571	1548	1.825	20.571	19.476	818.000	1.179	19.476	0.646	20.571	864.000	1.528	20.571	19.476	818.000	1.179	19.476	0.772	65.643	2757	2.307	65.643	33.524	1408	0.860	33.524	0.373
61	9.487	15.412	786	1.101	17.071	17.857	750	1.021	17.857	0.927	17.071	717.000	1.220	17.071	17.857	750	1.021	17.857	0.837	43.571	1830	1.488	43.571	32.524	1366	0.823	32.524	0.553
62	11.856	18.846	1225	1.340	18.286	19.857	834	1.129	19.857	0.843	18.286	768	1.300	18.286	19.857	834	1.129	19.857	0.869	47.881	2011	1.603	47.881	35.119	1475	0.884	35.119	0.551
63	12.117	21.458	1266	1.489	20.310	23.690	995	1.301	23.690	0.874	20.310	853	1.409	20.310	23.690	995	1.301	23.690	0.923	56.857	2388	1.859	56.857	33.214	1395	0.835	33.214	0.449
64	8.962	24.674	1061	1.725	17.810	24.952	1048	1.384	24.952	0.803	17.810	748	1.245	17.810	24.952	1048	1.384	24.952	1.112	80.048	3362	2.618	80.048	37.357	1569.000	0.934	37.357	0.357
65	6.946	16.583	597	1.145	21.143	26.548	1115	1.441	26.548	1.259	21.143	888	1.459	21.143	26.548	1115	1.441	26.548	0.987	75.119	3155	2.396	75.119	38.238	1606	0.949	38.238	0.396
66	10.515	24.800	1240	1.677	20.738	27.095	1138	1.453	27.095	0.866	20.738	871	1.403	20.738	27.095	1138	1.453	27.095	1.036	66.476	2792	2.109	66.476	30.048	1262	0.742	30.048	0.352
67	9.411	30.714	1290	2.058	33.048	39.452	1657.000	2.100	39.452	1.021	33.048	1388.000	2.214	33.048	39.452	1657.000	2.100	39.452	0.949	75.595	3175.000	2.380	75.595	39.595	1663	0.984	39.595	0.413
68	9.569	20.565	946	1.442	21.929	39.429	1656	2.205	39.429	1.529	21.929	921.000	1.538	21.929	39.429	1656	2.205	39.429	1.434	40.667	1708	1.325	40.667	31.476	1322	0.770	31.476	0.581
69	9.618	22.318	982.000	1.546	23.262	34.381	1444	1.878	34.381	1.215	23.262	977	1.611	23.262	34.381	1444	1.878	34.381	1.166	57.071	2397	1.845	57.071	37.024	1555	0.910	37.024	0.493
70	11.853	21.067	1264	1.475	25.119	37.857	1590.000	2.130	37.857	1.444	25.119	1055	1.759	25.119	37.857	1590.000	2.130	37.857	1.211	53.810	2260	1.779	53.810	37.571	1578	0.928	37.571	0.522
71	12.582	17.394	1148	1.235	24.976	47.905	2012	2.734	47.905	2.213	24.976	1049	1.774	24.976	47.905	2012	2.734	47.905	1.541	53.452	2245	1.774	53.452	34.500	1449	0.847	34.500	0.478
72	13.558	27.677	1799	1.995	22.762	39.262	1649	2.274	39.262	1.139	22.762	956	1.641	22.762	39.262	1649	2.274	39.262	1.385	73.571	3090	2.526	73.571	33.738	1417	0.857	33.738	0.339
73	11.982	22.600	1469	1.631	19.071	28.476	1196	1.659	28.476	1.017	19.071	801.000	1.376	19.071	28.476	1196	1.659	28.476	1.206	55.571	2334	1.897	55.571	40.667	1708	1.006	40.667	0.530
74	14.983	27.701	2133	1.991	30.286	30.405	1277	1.757	30.405	0.883	30.286	1272	2.177	30.286	30.405	1277	1.757	30.405	0.807	65.857	2766	2.219	65.857	43.429	1824	1.077	43.429	0.486
75	10.204	23.373	1192	1.728	28.238	25.190	1058	1.519	25.190	0.879	28.238	1186	2.087	28.238	25.190	1058	1.519	25.190	0.728	62.643	2631	2.202	62.643	36.690	1541	0.921	36.690	0.418
76	6.964	26.361	949	1.956	20.857	34.833	1463	2.135	34.833	1.092	20.857	876	1.547	20.857	34.833	1463	2.135	34.833	1.380	72.810	3058	2.587	72.810	33.095	1390	0.859	33.095	0.332
77	5.368	24.074	650	1.813	22.524	23.857	1002	1.485	23.857	0.819	22.524	946.000	1.696	22.524	23.857	1002	1.485	23.857	0.876	47.095	1978	1.667	47.095	42.405	1781	1.068	42.405	0.640
78	11.470	23.683	1492	1.767	18.357	29.929	1257	1.849	29.929	1.047	18.357	771	1.370	18.357	29.929	1257	1.849	29.929	1.350	47.119	1979	1.682	47.119	32.667	1372	0.809	32.667	0.481
79	11.150	26.017	1535	2.012	22.524	23.786	999	1.535	23.786	0.763	22.524	946.000	1.742	22.524	23.786	999	1.535	23.786	0.881	58.595	2461	2.139	58.595	37.929	1593	0.926	37.929	0.433
80	12.432	21.946	1229	1.631	25.452	25.524	1072	1.558	25.524	0.956	25.452	1069	1.891	25.452	25.524	1072	1.558	25.524	0.824	56.905	2390	2.001	56.905	35.810	1504	0.878	35.810	0.439
81	11.630	22.955	1515	1.730	19.167	35.238	1480	2.195	35.238	1.268	19.167	805	1.445	19.167	35.238	1480	2.195	35.238	1.519	51.095	2146	1.832	51.095	42.500	1785	1.043	42.500	0.569
82	9.487	20.688	993	1.536	20.500	27.024	1135	1.647	27.024	1.073	20.500	861	1.522	20.500	27.024	1135	1.647	27.024	1.083	80.143	3366	2.830	80.143	45.833	1925	1.139	45.833	0.403
83	11.543	20.741	1203	1.469	21.143	31.381	1318	1.802	31.381	1.226	21.143	888	1.498	21.143	31.381	1318	1.802	31.381	1.203	51.357	2157	1.733	51.357	39.405	1655	0.979	39.405	0.565
84	9.341	28.250	1243	2.051	24.929	36.500	1533	2.170	36.500	1.058	24.929	1047	1.810	24.929	36.500	1533	2.170	36.500	1.199	75.429	3168	2.587	75.429	37.667	1582	0.937	37.667	0.362
85	12.811	33.554	1879	2.399	24.381	31.905	1340	1.852	31.905	0.772	24.381	1024	1.744	24.381	31.905	1340	1.852	31.905	1.062	74.048	3110	2.531	74.048	34.405	1445	0.860	34.405	0.340
86	10.680	23.737	1353	1.684	20.810	43.048	1808.000	2.459	43.048	1.460	20.810	874	1.476	20.810	43.048	1808.000	2.459	43.048	1.666	56.857	2388	1.932	56.857	36.524	1534	0.932	36.524	0.482
87	9.724	27.039	1379	1.859	26.929	41.262	1733	2.269	41.262	1.220	26.929	1131	1.851	26.929	41.262	1733	2.269	41.262	1.225	52.976	2225	1.730	52.976	39.071	1641	0.985	39.071	0.569
88	12.750	23.642	1584	1.613	26.214	37.167	1561	2.011	37.167	1.247	26.214	1101	1.789	26.214	37.167	1561	2.011	37.167	1.125	68.381	2872	2.226	68.381	56.238	2362	1.401	56.238	0.629
89	14.020	22.253	1669	1.526	24.667	35.095	1474	1.919	35.095	1.258	24.667	1036	1.691	24.667	35.095	1474	1.919	35.095	1.135	68.571	2880	2.238	68.571	45.381	1906	1.132	45.381	0.506
90	13.551	28.234	1807	1.969	23.214	34.738	1459	1.955	34.738	0.993	23.214	975	1.619	23.214	34.738	1459	1.955	34.738	1.207	62.619	2630	2.099	62.619	44.571	1872	1.109	44.571	0.528
91	14.904	31.304	2160	2.153	23.690	51.690	2171	2.827	51.690	1.313	23.690	995	1.630	23.690	51.690	2171	2.827	51.690	1.735	50.476	2120	1.644	50.476	49.643	2085	1.243	49.643	0.756
92	12.260	39.492	2488	2.640	48.905	53.976	2267	2.871	53.976	1.087	48.905	2054	3.269	48.905	53.976	2267	2.871	53.976	0.878	85.190	3578	2.723	85.190	42.286	1776	1.059	42.286	0.389
93	11.753	32.815	2133	2.229	30.548	46.667	1960	2.528	46.667	1.134	30.548	1283	2.075	30.548	46.667	1960	2.528	46.667	1.218	81.476	3422	2.634	81.476	42.167	1771	1.056	42.167	0.401
94	13.657	32.833	2364	2.155	36.143	40.119	1685	2.079	40.119	0.965	36.143	1518.000	2.372	36.143	40.119	1685	2.079	40.119	0.876	79.500	3339	2.521	79.500	36.333	1526	0.910	36.333	0.361
95	10.124	30.213	1420	1.965	32.238	40.333	1694	2.064	40.333	1.051	32.238	1354	2.096	32.238	40.333	1694	2.064	40.333	0.985	64.833	2723	2.023	64.833	39.357	1653.000	0.988	39.357	0.488
96	12.974	21.861	1574	1.405	25.738	33.071	1389	1.678	33.071	1.194	25.738	1081	1.654	25.738	33.071	1389	1.678	33.071	1.014	61.690	2591	1.908	61.690	31.048	1304	0.779	31.048	0.409
97	6.933	39.439	1617	2.547	28.310	30.929	1299	1.577	30.929	0.619	28.310	1189	1.828	28.310	30.929	1299	1.577	30.929	0.862	69.262	2909	2.158	69.262	30.310	1273	0.761	30.310	0.352
98	9.172	27.152	1249	1.796	26.524	31.762	1334	1.673	31.762	0.932	26.524	1114	1.754	26.524	31.762	1334	1.673	31.762	0.954	47.286	1986	1.493	47.286	36.095	1516	0.905	36.095	0.606
99	10.287	39.217	1804	2.554	39.690	24.905	1046	1.284	24.905	0.503	39.690	1667	2.585	39.690	24.905	1046	1.284	24.905	0.497	47.595	1999	1.508	47.595	27.690	1163	0.706	27.690	0.468
100	9.062	36.917	1772	2.302	41.286	34.238	1438	1.670	34.238	0.726	41.286	1734	2.574	41.286	34.238	1438	1.670	34.238	0.649	57.619	2420	1.743	57.619	30.595	1285	0.772	30.595	0.443
101	7.280	31.033	931	1.920	30.690	31.667	1330	1.522	31.667	0.793	30.690	1289	1.899	30.690	31.667	1330	1.522	31.667	0.802	55.571	2334	1.660	55.571	38	1596	0.966	38	0.582
102	10.213	31.679	1679	1.925	34.833	37.714	1584	1.789	37.714	0.929	34.833	1463	2.117	34.833	37.714	1584	1.789	37.714	0.845	78.167	3283	2.324	78.167	33.381	1402	0.847	33.381	0.364
103	8.635	26.070	1121	1.603	23.452	32.786	1377	1.587	32.786	0.990	23.452	985	1.442	23.452	32.786	1377	1.587	32.786	1.100	45.690	1919	1.363	45.690	44.810	1882	1.135	44.810	0.832
104	9.014	45.132	1715.000	2.882	41.048	43.024	1807	2.150	43.024	0.746	41.048	1724.000	2.621	41.048	43.024	1807	2.150	43.024	0.820	65.095	2734.000	1.994	65.095	37.595	1579	0.947	37.595	0.475
105	8.610	34.708	1666	2.202	34.167	56.405	2369	2.800	56.405	1.271	34.167	1435	2.168	34.167	56.405	2369	2.800	56.405	1.292	57.119	2399	1.755	57.119	36.643	1539.000	0.922	36.643	0.525
106	11.071	41.846	2720	2.557	52.571	43.262	1817	2.074	43.262	0.811	52.571	2208	3.212	52.571	43.262	1817	2.074	43.262	0.646	63.857	2682	1.915	63.857	43.548	1829.000	1.098	43.548	0.574
107	10.296	45.137	2302	2.806	45.143	59.952	2518	2.928	59.952	1.043	45.143	1896.000	2.806	45.143	59.952	2518	2.928	59.952	1.043	79.571	3342	2.435	79.571	42.619	1790	1.075	42.619	0.442
108	8.835	48.333	2320	2.978	37.833	66.119	2777	3.161	66.119	1.062	37.833	1589	2.331	37.833	66.119	2777	3.161	66.119	1.356	91.690	3851	2.757	91.690	38.738	1627	0.980	38.738	0.355
109	11.074	42.580	2129	2.612	38.905	48	2016	2.289	48	0.876	38.905	1634	2.386	38.905	48	2016	2.289	48	0.959	67.095	2818.000	2.016	67.095	39.310	1651	0.996	39.310	0.494
110	11.632	46.560	2328	2.929	40.071	63.190	2654	3.074	63.190	1.049	40.071	1683	2.521	40.071	63.190	2654	3.074	63.190	1.219	66.500	2793	2.024	66.500	30.500	1281	0.767	30.500	0.379
111	15.882	44.429	3110	2.767	39.238	53.214	2235	2.567	53.214	0.927	39.238	1648	2.444	39.238	53.214	2235	2.567	53.214	1.050	75.119	3155	2.293	75.119	31.571	1326	0.817	31.571	0.356
112	14.769	34.922	2689	2.095	40.500	47.500	1995	2.192	47.500	1.046	40.500	1701	2.430	40.500	47.500	1995	2.192	47.500	0.902	61.667	2590	1.814	61.667	42.167	1771	1.069	42.167	0.589
113	15.853	29.265	2429	1.789	42.643	47	1974	2.233	47	1.248	42.643	1791.000	2.607	42.643	47	1974	2.233	47	0.857	78.976	3317	2.350	78.976	38.952	1636.000	0.980	38.952	0.417
114	14.577	36.453	2734	2.202	41.762	54.143	2274	2.509	54.143	1.140	41.762	1754	2.522	41.762	54.143	2274	2.509	54.143	0.995	85.833	3605	2.554	85.833	28.571	1200	0.718	28.571	0.281
115	13.595	42.671	3115	2.453	47.357	48.214	2025	2.136	48.214	0.871	47.357	1989.000	2.723	47.357	48.214	2025	2.136	48.214	0.785	54.857	2304	1.580	54.857	37.071	1557	0.936	37.071	0.593
116	12.412	41	2419	2.400	56.095	50.357	2115	2.258	50.357	0.941	56.095	2356	3.284	56.095	50.357	2115	2.258	50.357	0.688	67.452	2833	1.967	67.452	37.381	1570	0.943	37.381	0.479
117	13.316	45.647	3104	2.566	62.976	50.262	2111	2.150	50.262	0.838	62.976	2645	3.540	62.976	50.262	2111	2.150	50.262	0.607	65.405	2747.000	1.905	65.405	48.810	2050	1.232	48.810	0.646
118	11.003	32.729	1571	1.985	36.429	48.905	2054	2.276	48.905	1.147	36.429	1530	2.209	36.429	48.905	2054	2.276	48.905	1.030	64.619	2714	1.938	64.619	42	1764	1.056	42	0.545
119	9.708	49.173	2557	2.777	58.619	42.929	1803	1.843	42.929	0.664	58.619	2462	3.310	58.619	42.929	1803	1.843	42.929	0.557	56.286	2364	1.626	56.286	39.071	1641	0.991	39.071	0.609
120	9.169	38.271	1837	2.191	43.762	53.429	2244	2.324	53.429	1.061	43.762	1838	2.505	43.762	53.429	2244	2.324	53.429	0.928	67.667	2842	1.966	67.667	47.762	2006	1.204	47.762	0.612
121	8.944	52.341	2303	3.055	53.810	47	1974	2.070	47	0.678	53.810	2260	3.140	53.810	47	1974	2.070	47	0.659	77.381	3250	2.293	77.381	50.548	2123	1.268	50.548	0.553
122	9.906	46.365	2411	2.706	47.786	49.690	2087	2.213	49.690	0.818	47.786	2007	2.789	47.786	49.690	2087	2.213	49.690	0.793	70.500	2961	2.090	70.500	44.310	1861	1.121	44.310	0.536
123	11.654	36.482	2043.000	2.199	43.810	46.381	1948	2.148	46.381	0.977	43.810	1840	2.640	43.810	46.381	1948	2.148	46.381	0.814	69.310	2911	2.104	69.310	39.286	1650	0.994	39.286	0.472
124	16.204	40.110	3289	2.323	48.643	39.833	1673	1.777	39.833	0.765	48.643	2043.000	2.818	48.643	39.833	1673	1.777	39.833	0.631	80.738	3391	2.445	80.738	43.524	1828	1.101	43.524	0.450
125	18.562	36.393	3057.000	2.045	38.024	45.595	1915	1.955	45.595	0.956	38.024	1597	2.137	38.024	45.595	1915	1.955	45.595	0.915	58.476	2456	1.736	58.476	41.524	1744	1.046	41.524	0.602
126	11.856	36.891	2361	1.997	42.071	48.738	2047	1.990	48.738	0.996	42.071	1767	2.277	42.071	48.738	2047	1.990	48.738	0.874	63.762	2678	1.865	63.762	40.452	1699.000	1.016	40.452	0.545
127	10.680	33.612	1647.000	1.928	30.286	40.143	1686.000	1.742	40.143	0.903	30.286	1272	1.737	30.286	40.143	1686.000	1.742	40.143	1.003	67.690	2843	2.015	67.690	33.357	1401.000	0.838	33.357	0.416
128	10.062	59.408	2911	3.295	55.976	48.667	2044	2.052	48.667	0.623	55.976	2351	3.105	55.976	48.667	2044	2.052	48.667	0.661	65.548	2753	1.923	65.548	26.762	1124	0.676	26.762	0.352
129	7.884	42.053	1598	2.363	46.262	50.524	2122	2.151	50.524	0.910	46.262	1943	2.599	46.262	50.524	2122	2.151	50.524	0.827	67.762	2846	1.991	67.762	30.810	1294	0.777	30.810	0.390
130	11.297	26	1560	1.494	35.524	36.048	1514.000	1.571	36.048	1.052	35.524	1492	2.042	35.524	36.048	1514.000	1.571	36.048	0.770	54.286	2280	1.616	54.286	44.810	1882	1.123	44.810	0.695
131	9.397	27.702	1302	1.595	37.357	39.881	1675	1.731	39.881	1.085	37.357	1569.000	2.151	37.357	39.881	1675	1.731	39.881	0.805	59.714	2508	1.774	59.714	33.095	1390	0.827	33.095	0.466
132	6.600	45.194	1627	2.584	36.976	51.333	2156	2.222	51.333	0.860	36.976	1553	2.114	36.976	51.333	2156	2.222	51.333	1.051	59.500	2499	1.750	59.500	30.500	1281	0.759	30.500	0.434
133	7.521	29.243	1082	1.621	36.238	34.786	1461	1.468	34.786	0.905	36.238	1522	2.009	36.238	34.786	1461	1.468	34.786	0.730	61.024	2563	1.768	61.024	40.286	1692	1.007	40.286	0.570
134	8.667	36.109	1661	1.977	33.405	44.452	1867.000	1.861	44.452	0.941	33.405	1403	1.829	33.405	44.452	1867.000	1.861	44.452	1.017	64.071	2691	1.853	64.071	38.429	1614	0.966	38.429	0.522
135	11.792	27.204	1469	1.511	40.214	49.476	2078	2.084	49.476	1.379	40.214	1689	2.234	40.214	49.476	2078	2.084	49.476	0.933	67.024	2815	1.988	67.024	29.262	1229	0.732	29.262	0.368
136	7.433	23.649	875	1.313	25.405	43.190	1814	1.814	43.190	1.381	25.405	1067	1.411	25.405	43.190	1814	1.814	43.190	1.286	48.929	2055	1.431	48.929	38.548	1619.000	0.967	38.548	0.676
137	11.328	33.862	1964.000	1.942	33.857	57.381	2410	2.510	57.381	1.293	33.857	1422.000	1.942	33.857	57.381	2410	2.510	57.381	1.293	61.762	2594	1.808	61.762	31.381	1318	0.781	31.381	0.432
138	13.372	28.803	1757	1.689	34	42.976	1805	1.904	42.976	1.127	34	1428	1.994	34	42.976	1805	1.904	42.976	0.955	61	2562	1.815	61	29.857	1254	0.742	29.857	0.409
139	9.991	28.298	1330	1.672	34.143	51.071	2145	2.295	51.071	1.373	34.143	1434.000	2.017	34.143	51.071	2145	2.295	51.071	1.138	57.619	2420	1.719	57.619	37.310	1567	0.925	37.310	0.538
140	10.180	23.185	1252	1.381	34.071	60.214	2529	2.718	60.214	1.968	34.071	1431	2.030	34.071	60.214	2529	2.718	60.214	1.339	83.405	3503.000	2.493	83.405	43.167	1813	1.067	43.167	0.428
141	8.878	32.721	1407	1.982	30.667	58.643	2463	2.691	58.643	1.358	30.667	1288	1.857	30.667	58.643	2463	2.691	58.643	1.449	67.929	2853	2.076	67.929	34.143	1434.000	0.838	34.143	0.404
142	8.385	35.750	1430	2.172	38	60.571	2544	2.799	60.571	1.289	38	1596	2.308	38	60.571	2544	2.799	60.571	1.212	43.476	1826	1.326	43.476	35.952	1510.000	0.885	35.952	0.667
143	8.162	33.050	1322	1.993	29.810	36.238	1522	1.663	36.238	0.835	29.810	1252	1.797	29.810	36.238	1522	1.663	36.238	0.925	49.833	2093	1.522	49.833	35.357	1485.000	0.871	35.357	0.572
144	9.179	27.022	1216	1.675	29.595	30.143	1266	1.431	30.143	0.854	29.595	1243	1.834	29.595	30.143	1266	1.431	30.143	0.780	40.333	1694	1.235	40.333	31.048	1304	0.762	31.048	0.617
145	8.867	24.907	1071	1.554	36.690	37.881	1591	1.807	37.881	1.163	36.690	1541	2.289	36.690	37.881	1591	1.807	37.881	0.789	50.167	2107	1.556	50.167	31.238	1312	0.763	31.238	0.491
146	9.062	31.116	1338	1.920	30.333	36.214	1521	1.695	36.214	0.883	30.333	1274	1.871	30.333	36.214	1521	1.695	36.214	0.906	61.929	2601	1.884	61.929	41.929	1761	1.029	41.929	0.546
147	10.287	40.136	1766.000	2.480	36.381	37.857	1590.000	1.787	37.857	0.721	36.381	1528	2.248	36.381	37.857	1590.000	1.787	37.857	0.795	64.500	2709	1.995	64.500	36.857	1548.000	0.901	36.857	0.452
148	8.962	26.848	1235	1.701	27.738	40.095	1684	1.963	40.095	1.154	27.738	1165	1.757	27.738	40.095	1684	1.963	40.095	1.117	64.310	2701	2.027	64.310	40.976	1721	1.002	40.976	0.495
149	9.839	38.159	1679	2.326	34.262	45.167	1897	2.093	45.167	0.900	34.262	1439	2.088	34.262	45.167	1897	2.093	45.167	1.002	59.333	2492	1.811	59.333	54.548	2291	1.349	54.548	0.745
150	13.089	27.717	1663	1.688	34.333	50.786	2133	2.352	50.786	1.393	34.333	1442	2.091	34.333	50.786	2133	2.352	50.786	1.125	70.381	2956	2.171	70.381	45.952	1930.000	1.124	45.952	0.518
151	18.385	29.867	2240	1.868	40.357	49.857	2094	2.391	49.857	1.280	40.357	1695.000	2.524	40.357	49.857	2094	2.391	49.857	0.947	65.833	2765	2.063	65.833	43.595	1831	1.061	43.595	0.514
152	13.440	30.370	2217	1.864	45.405	32.952	1384.000	1.532	32.952	0.822	45.405	1907	2.787	45.405	32.952	1384.000	1.532	32.952	0.550	58.548	2459	1.820	58.548	33.286	1398	0.808	33.286	0.444
153	11.622	30.333	1729	1.919	36.143	43.310	1819	2.102	43.310	1.095	36.143	1518.000	2.287	36.143	43.310	1819	2.102	43.310	0.919	61.048	2564	1.911	61.048	37.357	1569.000	0.907	37.357	0.474
154	12.634	27.607	1684	1.759	24.738	40.571	1704	1.981	40.571	1.126	24.738	1039	1.577	24.738	40.571	1704	1.981	40.571	1.256	59.024	2479	1.853	59.024	35.643	1497.000	0.865	35.643	0.467
155	14.100	40.514	2836	2.576	39.786	40.310	1693	1.961	40.310	0.761	39.786	1671	2.529	39.786	40.310	1693	1.961	40.310	0.775	62.833	2639	1.968	62.833	36.238	1522	0.883	36.238	0.448
156	10.419	35.039	1787	2.211	33.762	34.286	1440	1.642	34.286	0.743	33.762	1418	2.130	33.762	34.286	1440	1.642	34.286	0.771	73.500	3087	2.287	73.500	39.429	1656	0.958	39.429	0.419
157	11.074	35.211	2007	2.310	36.714	37.810	1588	1.905	37.810	0.825	36.714	1542	2.409	36.714	37.810	1588	1.905	37.810	0.791	70.833	2975	2.284	70.833	48.286	2028	1.171	48.286	0.513
158	7.669	42.838	1585	2.797	36.476	42.905	1802	2.146	42.905	0.767	36.476	1532	2.381	36.476	42.905	1802	2.146	42.905	0.901	76.857	3228	2.489	76.857	50.071	2103	1.215	50.071	0.488
159	9.394	30.659	1349	1.976	34.262	40.952	1720.000	2.014	40.952	1.019	34.262	1439	2.208	34.262	40.952	1720.000	2.014	40.952	0.912	59.905	2516	1.946	59.905	40.071	1683	0.975	40.071	0.501
160	9.849	41.455	1824	2.606	45.333	33.595	1411	1.600	33.595	0.614	45.333	1904	2.849	45.333	33.595	1411	1.600	33.595	0.562	59.238	2488	1.854	59.238	39.833	1673	0.966	39.833	0.521
161	12.642	37.557	2629	2.417	36.714	37.857	1590.000	1.854	37.857	0.767	36.714	1542	2.362	36.714	37.857	1590.000	1.854	37.857	0.785	83.500	3507	2.648	83.500	35.738	1501	0.868	35.738	0.328
162	10.152	39.122	1917	2.470	34.643	45.143	1896.000	2.157	45.143	0.874	34.643	1455.000	2.187	34.643	45.143	1896.000	2.157	45.143	0.987	77.690	3263	2.452	77.690	36.571	1536	0.889	36.571	0.363
163	10.359	27.810	1613	1.751	34.095	55.762	2342	2.669	55.762	1.524	34.095	1432	2.147	34.095	55.762	2342	2.669	55.762	1.243	60.738	2551	1.908	60.738	41.571	1746	1.008	41.571	0.529
164	13.089	40.410	2465	2.588	40.381	33.238	1396	1.615	33.238	0.624	40.381	1696	2.586	40.381	33.238	1396	1.615	33.238	0.624	59.262	2489	1.907	59.262	49.571	2082	1.197	49.571	0.628
165	11.909	32.647	2220	2.099	36.071	44.333	1862	2.162	44.333	1.030	36.071	1515	2.319	36.071	44.333	1862	2.162	44.333	0.932	76.071	3195	2.441	76.071	44.952	1888.000	1.089	44.952	0.446
166	13.316	36.070	2561	2.336	40.214	51.381	2158	2.544	51.381	1.089	40.214	1689	2.605	40.214	51.381	2158	2.544	51.381	0.977	75.500	3171	2.437	75.500	44.333	1862	1.072	44.333	0.440
167	15.464	32.380	2558	2.150	28.833	50.024	2101	2.540	50.024	1.182	28.833	1211	1.914	28.833	50.024	2101	2.540	50.024	1.327	81.119	3407	2.643	81.119	42.238	1774	1.023	42.238	0.387
168	15.766	35.457	2482	2.195	42.976	45	1890	2.105	45	0.959	42.976	1805	2.660	42.976	45	1890	2.105	45	0.791	75.333	3164	2.348	75.333	46.690	1961	1.131	46.690	0.482
169	12.500	28.078	1797	1.833	28.643	41.024	1723	2.044	41.024	1.115	28.643	1203	1.870	28.643	41.024	1723	2.044	41.024	1.093	64.310	2701	2.088	64.310	41.595	1747	1.003	41.595	0.480
170	11.963	26.218	1442	1.647	26.262	37.048	1556.000	1.769	37.048	1.074	26.262	1103	1.650	26.262	37.048	1556.000	1.769	37.048	1.072	70.262	2951	2.213	70.262	38.405	1613	0.928	38.405	0.419
171	10.762	37.863	1931.000	2.535	29.190	41.429	1740	2.119	41.429	0.836	29.190	1226	1.955	29.190	41.429	1740	2.119	41.429	1.084	81.381	3418	2.649	81.381	39.690	1667	0.951	39.690	0.359
172	8.732	32.581	1401.000	2.116	26.738	48.190	2024	2.383	48.190	1.126	26.738	1123	1.736	26.738	48.190	2024	2.383	48.190	1.373	50.524	2122	1.601	50.524	38.595	1621	0.924	38.595	0.577
173	8.732	26.917	1292	1.761	27.619	47.429	1992	2.383	47.429	1.353	27.619	1160	1.807	27.619	47.429	1992	2.383	47.429	1.319	58.429	2454	1.880	58.429	40.357	1695.000	0.964	40.357	0.513
174	7.382	26.158	994	1.783	25.810	44.071	1851	2.328	44.071	1.305	25.810	1084	1.759	25.810	44.071	1851	2.328	44.071	1.323	63.833	2681	2.064	63.833	45.619	1916	1.087	45.619	0.527
175	8.944	32.425	1297	2.193	32.952	51.810	2176	2.693	51.810	1.228	32.952	1384.000	2.228	32.952	51.810	2176	2.693	51.810	1.208	57.238	2404	1.857	57.238	50	2100	1.193	50	0.643
176	9.621	31.189	1653	2.011	39.786	53.500	2247	2.646	53.500	1.316	39.786	1671	2.565	39.786	53.500	2247	2.646	53.500	1.031	83.119	3491	2.600	83.119	42.476	1784	1.020	42.476	0.392
177	10.854	34.848	1603	2.278	39.238	41.095	1726	2.092	41.095	0.918	39.238	1648	2.565	39.238	41.095	1726	2.092	41.095	0.816	77.929	3273	2.463	77.929	44.476	1868	1.092	44.476	0.443
178	11.853	23.818	1310	1.633	35.238	35.048	1472.000	1.875	35.048	1.148	35.238	1480	2.416	35.238	35.048	1472.000	1.875	35.048	0.776	62.929	2643	2.055	62.929	43.524	1828	1.034	43.524	0.503
179	12.412	20.311	1239	1.427	24.286	36.095	1516	1.974	36.095	1.383	24.286	1020	1.706	24.286	36.095	1516	1.974	36.095	1.157	55.310	2323	1.874	55.310	48.405	2033	1.133	48.405	0.605
180	10.308	17.074	922.000	1.326	14.524	31.452	1321	2.002	31.452	1.510	14.524	610	1.128	14.524	31.452	1321	2.002	31.452	1.775	51.619	2168	2.031	51.619	37.405	1571	1.035	37.405	0.510
181	9.981	24.408	1196	1.702	29.595	32.833	1379	1.781	32.833	1.047	29.595	1243	2.063	29.595	32.833	1379	1.781	32.833	0.863	52.619	2210	1.799	52.619	51.262	2153	1.240	51.262	0.689
182	13.038	21.842	1660	1.549	24.857	39	1638	2.184	39	1.410	24.857	1044	1.762	24.857	39	1638	2.184	39	1.239	57.976	2435	1.979	57.976	61.357	2577	1.460	61.357	0.738
183	13.551	23.742	1472	1.721	23.810	35.595	1495	2.031	35.595	1.180	23.810	1000	1.726	23.810	35.595	1495	2.031	35.595	1.177	49.071	2061	1.712	49.071	61.119	2567	1.445	61.119	0.844
184	11.385	18.638	1081	1.381	18.571	34.833	1463	2.033	34.833	1.472	18.571	780.000	1.376	18.571	34.833	1463	2.033	34.833	1.477	46.643	1959.000	1.696	46.643	60.857	2556	1.432	60.857	0.845
185	8.721	26.271	1261	1.966	18.500	38.024	1597	2.243	38.024	1.141	18.500	777	1.384	18.500	38.024	1597	2.243	38.024	1.620	53.071	2229	1.931	53.071	56.429	2370	1.316	56.429	0.681
186	10.180	25.060	1253	1.876	18.548	43.881	1843	2.597	43.881	1.384	18.548	779	1.388	18.548	43.881	1843	2.597	43.881	1.870	63.905	2684	2.338	63.905	56.881	2389	1.348	56.881	0.577
187	11.413	20.240	1012.000	1.508	22.190	41.833	1757	2.459	41.833	1.630	22.190	932	1.654	22.190	41.833	1757	2.459	41.833	1.487	58.310	2449	2.113	58.310	55.905	2348	1.296	55.905	0.613
188	10.308	37.453	1985	2.741	27.786	49.357	2073	2.853	49.357	1.041	27.786	1167	2.033	27.786	49.357	2073	2.853	49.357	1.403	60.143	2526	2.172	60.143	48.643	2043.000	1.137	48.643	0.524
189	12.530	24.642	1651	1.822	32.929	47.619	2000	2.738	47.619	1.502	32.929	1383	2.435	32.929	47.619	2000	2.738	47.619	1.124	80.619	3386	2.932	80.619	47.119	1979	1.101	47.119	0.376
190	9.991	27.451	1400	2.002	27.095	48.500	2037	2.744	48.500	1.371	27.095	1138	1.976	27.095	48.500	2037	2.744	48.500	1.389	63.167	2653	2.280	63.167	35.881	1507	0.852	35.881	0.374
191	10.177	21.022	967	1.528	19.595	45.238	1900	2.558	45.238	1.673	19.595	823	1.425	19.595	45.238	1900	2.558	45.238	1.795	46.024	1933	1.675	46.024	48.714	2046	1.173	48.714	0.700
192	8.162	16.357	687	1.227	18.595	29.833	1253	1.767	29.833	1.439	18.595	781	1.395	18.595	29.833	1253	1.767	29.833	1.266	46.905	1970	1.776	46.905	41.714	1752	1.013	41.714	0.571
193	8.944	31.864	1402	2.486	30.048	32.548	1367.000	2.041	32.548	0.821	30.048	1262	2.345	30.048	32.548	1367.000	2.041	32.548	0.871	44.405	1865	1.780	44.405	35.976	1511	0.888	35.976	0.499
194	6.486	15.233	457	1.207	12.786	29.619	1244	1.926	29.619	1.596	12.786	537	1.013	12.786	29.619	1244	1.926	29.619	1.901	67.452	2833	2.791	67.452	40.929	1719	1.057	40.929	0.379
195	10.398	23.556	1272	1.898	22.476	26.286	1104	1.726	26.286	0.910	22.476	944.000	1.811	22.476	26.286	1104	1.726	26.286	0.953	40.381	1696	1.694	40.381	41	1722	1.057	41	0.624
196	10.854	12.818	705	1.044	15.167	28.310	1189	1.902	28.310	1.822	15.167	637	1.235	15.167	28.310	1189	1.902	28.310	1.540	48.976	2057	2.066	48.976	48.571	2040	1.259	48.571	0.609
197	9.839	15.700	785	1.258	19.810	29.548	1241	1.924	29.548	1.530	19.810	832	1.587	19.810	29.548	1241	1.924	29.548	1.212	43.714	1836	1.795	43.714	41.262	1733	1.043	41.262	0.581
198	9.737	17.571	861.000	1.437	19.952	23.429	984.000	1.567	23.429	1.091	19.952	838	1.631	19.952	23.429	984.000	1.567	23.429	0.961	43.500	1827	1.813	43.500	38.833	1631	0.984	38.833	0.542
199	10.612	16.857	944	1.319	14.381	34.214	1437	2.138	34.214	1.621	14.381	604	1.125	14.381	34.214	1437	2.138	34.214	1.900	61.714	2592	2.427	61.714	66.214	2781.000	1.529	66.214	0.630
200	12.311	19.600	1274	1.619	19.500	36.548	1535.000	2.459	36.548	1.519	19.500	819	1.611	19.500	36.548	1535.000	2.459	36.548	1.527	54.833	2303	2.394	54.833	55.119	2315	1.367	55.119	0.571
201	13.120	22.477	1461	1.786	24.405	47.952	2014.000	3.031	47.952	1.697	24.405	1025	1.939	24.405	47.952	2014.000	3.031	47.952	1.563	56.333	2366	2.303	56.333	57.738	2425	1.376	57.738	0.598
202	14.985	23.549	1672	1.944	26.833	32.024	1345	2.144	32.024	1.103	26.833	1127	2.215	26.833	32.024	1345	2.144	32.024	0.968	48.048	2018.000	2.091	48.048	42.048	1766.000	1.033	42.048	0.494
203	17.897	18.815	1731	1.525	22.667	34.167	1435	2.242	34.167	1.470	22.667	952	1.837	22.667	34.167	1435	2.242	34.167	1.221	49.643	2085	2.115	49.643	46.952	1972.000	1.139	46.952	0.538
204	18.608	17.620	1762	1.411	14.881	17.071	717.000	1.116	17.071	0.790	14.881	625	1.192	14.881	17.071	717.000	1.116	17.071	0.936	44.952	1888.000	1.843	44.952	42.786	1797	0.980	42.786	0.531
205	16.653	18.949	1497	1.505	17.405	24.881	1045	1.585	24.881	1.053	17.405	731	1.382	17.405	24.881	1045	1.585	24.881	1.147	52.333	2198	2.123	52.333	41.452	1741.000	0.950	41.452	0.447
206	13.640	26.031	1692	2.083	24.119	20.905	878	1.346	20.905	0.646	24.119	1013	1.930	24.119	20.905	878	1.346	20.905	0.697	68.452	2875	2.780	68.452	63.024	2647	1.462	63.024	0.526
207	12.075	21.525	1313	1.735	19.905	32.333	1358	2.104	32.333	1.213	19.905	836	1.605	19.905	32.333	1358	2.104	32.333	1.311	73.595	3091.000	3.040	73.595	55.881	2347	1.296	55.881	0.426
208	11.003	17.712	1045	1.435	19.595	28.429	1194	1.865	28.429	1.300	19.595	823	1.587	19.595	28.429	1194	1.865	28.429	1.175	47.690	2003	1.991	47.690	47	1974	1.101	47	0.553
209	11.194	18.296	988.000	1.485	18	36.048	1514.000	2.355	36.048	1.585	18	756	1.461	18	36.048	1514.000	2.355	36.048	1.612	53.048	2228	2.173	53.048	50.905	2138	1.186	50.905	0.546
210	10.512	15.818	870	1.271	17.381	28.310	1189	1.837	28.310	1.446	17.381	730	1.396	17.381	28.310	1189	1.837	28.310	1.316	65.595	2755.000	2.720	65.595	50.810	2134	1.187	50.810	0.437
211	9.569	12.725	649	1.046	22.667	34.214	1437	2.308	34.214	2.207	22.667	952	1.862	22.667	34.214	1437	2.308	34.214	1.239	39	1638	1.640	39	46.357	1947.000	1.076	46.357	0.656
212	9.839	22.432	987.000	1.869	19.381	40.595	1705	2.785	40.595	1.490	19.381	814	1.615	19.381	40.595	1705	2.785	40.595	1.725	67.595	2839.000	2.927	67.595	48	2016	1.104	48	0.377
213	9.290	20.644	929	1.770	21.143	31.810	1336	2.247	31.810	1.270	21.143	888	1.813	21.143	31.810	1336	2.247	31.810	1.240	66.405	2789.000	3.055	66.405	44.167	1855	1.014	44.167	0.332
214	8.174	36.474	1386	3.184	30	41.452	1741.000	3.009	41.452	0.945	30	1260	2.619	30	41.452	1741.000	3.009	41.452	1.149	62.095	2608	2.964	62.095	52.881	2221	1.212	52.881	0.409
215	9.779	17.481	909	1.555	10.381	27.714	1164	2.062	27.714	1.326	10.381	436	0.923	10.381	27.714	1164	2.062	27.714	2.233	50.381	2116	2.464	50.381	44.786	1881	1.045	44.786	0.424
216	11.470	21.615	1124	1.973	20.167	22.310	937	1.754	22.310	0.889	20.167	847	1.840	20.167	22.310	937	1.754	22.310	0.953	52.119	2189	2.700	52.119	41.714	1752	1.065	41.714	0.394
217	10.443	13.808	718	1.233	13.071	35.190	1478	2.677	35.190	2.171	13.071	549	1.167	13.071	35.190	1478	2.677	35.190	2.293	61.071	2565	3.075	61.071	62.071	2607	1.458	62.071	0.474
218	14.076	15.809	1075	1.442	16.024	28.286	1188	2.220	28.286	1.539	16.024	673.000	1.462	16.024	28.286	1188	2.220	28.286	1.519	50.548	2123	2.614	50.548	56.310	2365	1.345	56.310	0.514
219	17.951	16.479	1549	1.527	22.762	27.333	1148	2.195	27.333	1.437	22.762	956	2.109	22.762	27.333	1148	2.195	27.333	1.040	44.619	1874	2.391	44.619	52.571	2208	1.352	52.571	0.565
220	15.947	19.675	1515	1.777	24.190	31.214	1311	2.407	31.214	1.354	24.190	1016	2.185	24.190	31.214	1311	2.407	31.214	1.102	49.905	2096	2.570	49.905	68.548	2879	1.641	68.548	0.638
221	16.854	22.380	2059	1.989	28.262	37.119	1559	2.783	37.119	1.400	28.262	1187	2.511	28.262	37.119	1559	2.783	37.119	1.108	71.405	2999.000	3.593	71.405	91.143	3828	2.105	91.143	0.586
222	14.866	13.550	1084	1.229	15.262	34.976	1469	2.673	34.976	2.175	15.262	641	1.384	15.262	34.976	1469	2.673	34.976	1.931	68.619	2882	3.508	68.619	85.500	3591	1.957	85.500	0.558
223	13.558	20.100	1407	1.819	18.905	33.524	1408	2.603	33.524	1.431	18.905	794	1.711	18.905	33.524	1408	2.603	33.524	1.521	61.595	2587	3.237	61.595	99.262	4169	2.272	99.262	0.702
224	14.718	54.787	4109	2.917	67.786	22.429	942.000	1.748	22.429	0.599	17.167	721	1.575	17.167	22.429	942.000	1.748	22.429	1.110	67.786	2847.000	3.609	67.786	62.143	2610	1.429	62.143	0.396
225	11.622	41.841	2636	2.256	50.167	24.810	1042	1.952	24.810	0.865	17.214	723	1.584	17.214	24.810	1042	1.952	24.810	1.232	50.167	2107	2.704	50.167	63.262	2657	1.467	63.262	0.542
226	8.944	54.438	2613	2.876	51.524	19.714	828	1.539	19.714	0.535	15.286	642	1.390	15.286	19.714	828	1.539	19.714	1.108	51.524	2164	2.722	51.524	53.738	2257	1.227	53.738	0.451
227	11.194	40.586	2354	2.199	50.810	18.738	787	1.487	18.738	0.676	18.357	771	1.694	18.357	18.738	787	1.487	18.738	0.878	50.810	2134	2.753	50.810	50.524	2122	1.164	50.524	0.423
228	10.359	34.688	1665	1.884	42.357	20.929	879.000	1.650	20.929	0.876	15.690	659	1.446	15.690	20.929	879.000	1.650	20.929	1.141	42.357	1779.000	2.301	42.357	51.071	2145	1.179	51.071	0.512
229	9.014	38.739	1782	2.155	40.190	16.524	694.000	1.324	16.524	0.614	13.857	582	1.295	13.857	16.524	694.000	1.324	16.524	1.022	40.190	1688	2.236	40.190	49.214	2067	1.143	49.214	0.511
230	9.569	34.500	1587	2.031	48.548	16.619	698	1.377	16.619	0.678	10.262	431.000	0.981	10.262	16.619	698	1.377	16.619	1.404	48.548	2039.000	2.858	48.548	47.357	1989.000	1.117	47.357	0.391
231	9.618	42.370	1949	2.452	36.762	17.857	750	1.460	17.857	0.595	13.619	572	1.287	13.619	17.857	750	1.460	17.857	1.134	36.762	1544	2.128	36.762	40.976	1721	0.959	40.976	0.451
232	10.636	32.170	1705	1.879	44.333	12.429	522	1.018	12.429	0.542	11.500	483	1.090	11.500	12.429	522	1.018	12.429	0.934	44.333	1862	2.589	44.333	48.643	2043.000	1.132	48.643	0.437
233	10.866	44.778	2418	2.632	33.286	14.667	616	1.217	14.667	0.462	10.595	445	1.010	10.595	14.667	616	1.217	14.667	1.205	33.286	1398	1.956	33.286	48	2016	1.140	48	0.583
234	11.413	39.269	2042.000	2.280	32.310	19	798	1.558	19	0.683	18.405	773	1.755	18.405	19	798	1.558	19	0.888	32.310	1357	1.876	32.310	48.262	2027	1.134	48.262	0.604
235	9.621	44.830	2376	2.625	46.238	21.976	923.000	1.815	21.976	0.691	16.667	700	1.585	16.667	21.976	923.000	1.815	21.976	1.145	46.238	1942	2.707	46.238	51.571	2166	1.224	51.571	0.452
236	12.770	29.569	1715	1.735	43.476	15.214	639	1.249	15.214	0.720	11.476	482	1.086	11.476	15.214	639	1.249	15.214	1.150	43.476	1826	2.551	43.476	53.286	2238	1.246	53.286	0.488
237	16.020	39	3237	2.319	37.929	20.881	877	1.719	20.881	0.741	11.524	484	1.101	11.524	20.881	877	1.719	20.881	1.562	37.929	1593	2.256	37.929	55.357	2325	1.323	55.357	0.586
238	15.135	36	2448	2.150	46.738	25.071	1053	2.080	25.071	0.968	14.143	594	1.357	14.143	25.071	1053	2.080	25.071	1.533	46.738	1963	2.791	46.738	65.595	2755.000	1.557	65.595	0.558
239	11.003	32.333	1552	1.967	52.500	22.286	936	1.872	22.286	0.951	16.190	680	1.564	16.190	22.286	936	1.872	22.286	1.197	52.500	2205	3.194	52.500	61.310	2575	1.452	61.310	0.454
240	10.296	39.431	2011	2.410	56.452	23.357	981	1.955	23.357	0.811	14.167	595	1.366	14.167	23.357	981	1.955	23.357	1.431	56.452	2371	3.450	56.452	68.905	2894.000	1.624	68.905	0.471
