Frame	Mem Length	A-CatApicalMean	A-CatApicalSum	A-CatApicalNorm	A-CatApicalVertices	ActinApicalMean	ActinApicalSum	ActinApicalNorm	ActinApicalVertices	ApicalRatio	A-CatMedialMean	A-CatMedialSum	A-CatMedialNorm	A-CatMedialVertices	ActinMedialMean	ActinMedialSum	ActinMedialNorm	ActinMedialVertices	MedialRatio	A-CatBasalMean	A-CatBasalSum	A-CatBasalNorm	A-CatBasalVertices	ActinBasalMean	ActinBasalSum	ActinBasalNorm	ActinBasalVertices	BasalRatio
1	9.155	40.255	1892.000	2.062	33	50.357	2115	1.909	50.357	0.926	33	1386	1.691	33	50.357	2115	1.909	50.357	1.129	81.929	3441	2.117	81.929	35.095	1474	0.803	35.095	0.379
2	11.950	43.156	2762	2.258	44.571	59.667	2506	2.331	59.667	1.032	44.571	1872	2.332	44.571	59.667	2506	2.331	59.667	0.999	87.524	3676	2.292	87.524	38.095	1600	0.872	38.095	0.381
3	17.205	29.337	2523	1.552	32.571	35.714	1500	1.421	35.714	0.915	32.571	1368	1.723	32.571	35.714	1500	1.421	35.714	0.824	62.238	2614	1.632	62.238	35.429	1488	0.813	35.429	0.498
4	18.118	34.551	3075.000	1.732	55.905	46.405	1949	1.729	46.405	0.998	55.905	2348	2.803	55.905	46.405	1949	1.729	46.405	0.617	82.381	3460	2.112	82.381	40.976	1721	0.951	40.976	0.451
5	14.311	46.234	2959	2.369	50.262	41.119	1727	1.582	41.119	0.668	50.262	2111	2.575	50.262	41.119	1727	1.582	41.119	0.614	78.095	3280.000	2.021	78.095	39.286	1650	0.908	39.286	0.449
6	14.450	37.579	2856	1.980	32.071	44.810	1882	1.780	44.810	0.899	32.071	1347	1.690	32.071	44.810	1882	1.780	44.810	1.053	62.857	2640	1.638	62.857	40.119	1685	0.936	40.119	0.571
7	12.075	33.900	2034	1.718	27.500	42.476	1784	1.632	42.476	0.950	27.500	1155	1.394	27.500	42.476	1784	1.632	42.476	1.171	72.738	3055	1.876	72.738	23.071	969.000	0.539	23.071	0.287
8	12.555	42.239	2830	2.238	37.476	44.167	1855	1.782	44.167	0.796	37.476	1574	1.986	37.476	44.167	1855	1.782	44.167	0.897	92.048	3866	2.403	92.048	31.881	1339	0.741	31.881	0.308
9	10.900	37.164	2044	2.018	32.381	30.786	1293	1.269	30.786	0.629	32.381	1360	1.758	32.381	30.786	1293	1.269	30.786	0.721	67.190	2822	1.766	67.190	37.500	1575	0.874	37.500	0.495
10	10.078	44.185	2386	2.413	29.333	39.262	1649	1.617	39.262	0.670	29.333	1232	1.602	29.333	39.262	1649	1.617	39.262	1.010	76.095	3196.000	2.034	76.095	47.786	2007	1.113	47.786	0.547
11	9.090	41.234	1938.000	2.177	36.929	41.238	1732	1.629	41.238	0.748	36.929	1551	1.950	36.929	41.238	1732	1.629	41.238	0.835	97.833	4109	2.581	97.833	41.667	1750	0.966	41.667	0.374
12	12.093	33.276	1930	1.872	24.048	43.214	1815	1.838	43.214	0.982	24.048	1010	1.353	24.048	43.214	1815	1.838	43.214	1.359	84.190	3536	2.262	84.190	45.643	1917.000	1.057	45.643	0.467
13	12.760	31.426	2137	1.828	21.071	38.357	1611.000	1.693	38.357	0.926	21.071	885.000	1.225	21.071	38.357	1611.000	1.693	38.357	1.381	86.214	3621.000	2.352	86.214	42.762	1796	0.993	42.762	0.422
14	12.005	35.086	2035	1.997	19.429	33.405	1403	1.445	33.405	0.723	19.429	816.000	1.106	19.429	33.405	1403	1.445	33.405	1.306	95.381	4006	2.611	95.381	44.429	1866	1.038	44.429	0.398
15	9.169	28.475	1139	1.581	32.810	42.262	1775	1.774	42.262	1.122	32.810	1378	1.822	32.810	42.262	1775	1.774	42.262	0.974	87.476	3674	2.374	87.476	38.286	1608	0.899	38.286	0.379
16	8.602	28.093	1208	1.520	39.310	36.690	1541	1.510	36.690	0.993	39.310	1651	2.127	39.310	36.690	1541	1.510	36.690	0.710	78.405	3293.000	2.123	78.405	33.571	1410	0.796	33.571	0.375
17	7.632	31.146	1277	1.791	30.262	31.333	1316	1.379	31.333	0.770	30.262	1271	1.740	30.262	31.333	1316	1.379	31.333	0.793	71.357	2997	1.981	71.357	38.571	1620	0.911	38.571	0.460
18	8.189	38.300	1532	2.199	35.024	33.595	1411	1.470	33.595	0.669	35.024	1471	2.011	35.024	33.595	1411	1.470	33.595	0.731	72	3024	2.004	72	43.905	1844	1.039	43.905	0.518
19	10.512	23.950	1437	1.348	29.952	35.857	1506.000	1.520	35.857	1.128	29.952	1258	1.686	29.952	35.857	1506.000	1.520	35.857	0.902	91.905	3860.000	2.532	91.905	34.286	1440	0.812	34.286	0.321
20	8.944	28.705	1263	1.651	29.190	35.262	1481	1.556	35.262	0.942	29.190	1226	1.679	29.190	35.262	1481	1.556	35.262	0.927	61.667	2590	1.721	61.667	38.619	1622	0.916	38.619	0.532
21	6.946	40.265	1369	2.363	18.405	28.929	1215	1.282	28.929	0.542	18.405	773	1.080	18.405	28.929	1215	1.282	28.929	1.187	57.119	2399	1.612	57.119	30.595	1285	0.720	30.595	0.447
22	6.500	28.121	928	1.645	24.810	21.786	915	0.980	21.786	0.596	24.810	1042	1.451	24.810	21.786	915	0.980	21.786	0.675	52.214	2193	1.473	52.214	35.357	1485.000	0.839	35.357	0.570
23	7.826	32.051	1250	1.867	25.881	28.929	1215	1.290	28.929	0.691	25.881	1087	1.507	25.881	28.929	1215	1.290	28.929	0.856	63.857	2682	1.804	63.857	30.619	1286	0.730	30.619	0.405
24	9.424	29.061	1424	1.662	24.690	29.810	1252	1.299	29.810	0.782	24.690	1037	1.412	24.690	29.810	1252	1.299	29.810	0.920	62.429	2622	1.757	62.429	22.286	936	0.533	22.286	0.303
25	10.977	31.821	1782	1.933	18.714	29.810	1252	1.406	29.810	0.727	18.714	786	1.137	18.714	29.810	1252	1.406	29.810	1.237	63.286	2658	1.822	63.286	30.429	1278	0.726	30.429	0.399
26	7.387	20.286	852	1.264	22.952	30.190	1268	1.454	30.190	1.150	22.952	964	1.431	22.952	30.190	1268	1.454	30.190	1.016	52.500	2205	1.545	52.500	41.810	1756	0.999	41.810	0.646
27	8.610	27.023	1162	1.598	27.786	31.357	1317	1.422	31.357	0.890	27.786	1167	1.644	27.786	31.357	1317	1.422	31.357	0.865	71.167	2989	2.039	71.167	36.143	1518.000	0.867	36.143	0.425
28	9.962	22.122	907	1.329	23.095	27.143	1140	1.262	27.143	0.949	23.095	970	1.388	23.095	27.143	1140	1.262	27.143	0.909	64.952	2728	1.886	64.952	49.119	2063	1.184	49.119	0.628
29	8.620	29.833	1253	1.835	30.119	37.452	1573.000	1.792	37.452	0.977	30.119	1265	1.852	30.119	37.452	1573.000	1.792	37.452	0.968	80.643	3387	2.408	80.643	41.595	1747	0.997	41.595	0.414
30	10.770	26.707	1549	1.605	25.667	33	1386	1.530	33	0.953	25.667	1078	1.543	25.667	33	1386	1.530	33	0.992	56.881	2389	1.673	56.881	35.524	1492	0.857	35.524	0.512
31	13.750	18.085	1284	1.084	20.667	23.167	973	1.071	23.167	0.989	20.667	868	1.238	20.667	23.167	973	1.071	23.167	0.865	64.167	2695	1.870	64.167	38.738	1627	0.933	38.738	0.499
32	9.708	21.860	1093	1.349	19.143	31.643	1329	1.520	31.643	1.126	19.143	804	1.182	19.143	31.643	1329	1.520	31.643	1.286	67.238	2824	1.966	67.238	29.976	1259	0.722	29.976	0.367
33	10.078	26.804	1233	1.725	19.310	27.690	1163	1.380	27.690	0.800	19.310	811	1.243	19.310	27.690	1163	1.380	27.690	1.110	75.310	3163	2.269	75.310	41.786	1755	0.998	41.786	0.440
34	10.636	25.920	1296	1.625	30.333	37.643	1581.000	1.797	37.643	1.105	30.333	1274	1.902	30.333	37.643	1581.000	1.797	37.643	0.945	60.095	2524	1.781	60.095	39.976	1679	0.960	39.976	0.539
35	13.868	17.642	1182	1.163	23.690	21.738	913	1.110	21.738	0.955	23.690	995	1.561	23.690	21.738	913	1.110	21.738	0.711	75.738	3181	2.303	75.738	31.095	1306	0.744	31.095	0.323
36	12.701	23.625	1512	1.540	20.048	45.310	1903	2.281	45.310	1.481	20.048	842	1.307	20.048	45.310	1903	2.281	45.310	1.745	75.690	3179	2.278	75.690	41.524	1744	1.001	41.524	0.439
37	12.199	21.850	1311	1.458	23.905	39.214	1647	2.047	39.214	1.404	23.905	1004	1.595	23.905	39.214	1647	2.047	39.214	1.283	86.476	3632	2.662	86.476	34.381	1444	0.821	34.381	0.308
38	14.009	23.894	1577	1.593	26.667	29.619	1244	1.544	29.619	0.969	26.667	1120	1.778	26.667	29.619	1244	1.544	29.619	0.868	52.690	2213	1.636	52.690	33.619	1412	0.802	33.619	0.490
39	9.862	28.127	1547	1.898	23.262	30.929	1299	1.626	30.929	0.857	23.262	977	1.570	23.262	30.929	1299	1.626	30.929	1.036	64.214	2697.000	2.007	64.214	40.214	1689	0.959	40.214	0.478
40	9.915	20.234	951	1.396	12.262	24.738	1039	1.352	24.738	0.969	12.262	515	0.846	12.262	24.738	1039	1.352	24.738	1.599	72	3024	2.298	72	38.476	1616	0.912	38.476	0.397
41	9.925	24.816	1216	1.700	28	23.762	998	1.279	23.762	0.752	28	1176	1.918	28	23.762	998	1.279	23.762	0.667	65.786	2763.000	2.087	65.786	41.762	1754	0.994	41.762	0.476
42	7.632	19.444	700	1.307	17.905	33.024	1387	1.750	33.024	1.339	17.905	752	1.203	17.905	33.024	1387	1.750	33.024	1.454	67.048	2816	2.098	67.048	41.952	1762.000	1.005	41.952	0.479
43	8.189	30.222	1088	2.066	18.762	24.905	1046	1.352	24.905	0.654	18.762	788	1.283	18.762	24.905	1046	1.352	24.905	1.054	63.738	2677	2.007	63.738	29.405	1235	0.706	29.405	0.352
44	8.746	19.444	875.000	1.291	15.738	27.286	1146	1.412	27.286	1.094	15.738	661	1.045	15.738	27.286	1146	1.412	27.286	1.351	58.810	2470	1.797	58.810	32.619	1370	0.784	32.619	0.436
45	8.404	19.844	893	1.416	17.452	15.310	643	0.876	15.310	0.619	17.452	733	1.245	17.452	15.310	643	0.876	15.310	0.703	65.714	2760.000	2.167	65.714	29.810	1252	0.713	29.810	0.329
46	8.310	15.053	572	1.066	12.095	21.143	888	1.202	21.143	1.128	12.095	508	0.856	12.095	21.143	888	1.202	21.143	1.404	60.738	2551	2.004	60.738	30.643	1287	0.734	30.643	0.366
47	9.647	19.574	920	1.378	19.238	21.881	919	1.223	21.881	0.888	19.238	808	1.354	19.238	21.881	919	1.223	21.881	0.903	57.524	2416	1.880	57.524	24.524	1030	0.586	24.524	0.312
48	9.434	18.383	864.000	1.316	15.643	30.333	1274	1.710	30.333	1.300	15.643	657	1.120	15.643	30.333	1274	1.710	30.333	1.527	58.357	2451	1.940	58.357	34.024	1429	0.805	34.024	0.415
49	9.956	29.388	1440	2.156	15.690	20.857	876	1.235	20.857	0.573	15.690	659	1.151	15.690	20.857	876	1.235	20.857	1.073	57.429	2412	1.970	57.429	29.167	1225	0.689	29.167	0.350
50	8.962	16.958	814	1.231	20.476	22.833	959	1.327	22.833	1.078	20.476	860.000	1.486	20.476	22.833	959	1.327	22.833	0.893	43.595	1831	1.471	43.595	42.167	1771	0.999	42.167	0.679
51	9.169	24.182	1064	1.812	21.476	26.548	1115	1.636	26.548	0.903	21.476	902.000	1.609	21.476	26.548	1115	1.636	26.548	1.017	47.810	2008	1.718	47.810	41.476	1742	1.094	41.476	0.637
52	8.500	15.600	624	1.206	12.024	24.905	1046	1.606	24.905	1.332	12.024	505	0.929	12.024	24.905	1046	1.606	24.905	1.728	50.143	2106	1.884	50.143	42.405	1781	1.146	42.405	0.608
53	9.169	18.962	1005.000	1.408	15	27.976	1175	1.714	27.976	1.218	15	630	1.113	15	27.976	1175	1.714	27.976	1.539	52.310	2197	1.868	52.310	49.548	2081	1.327	49.548	0.710
54	9.062	19.532	918	1.493	17	26.476	1112	1.680	26.476	1.126	17	714	1.299	17	26.476	1112	1.680	26.476	1.294	52.738	2215	1.913	52.738	34.286	1440	0.920	34.286	0.481
55	8.276	17.881	751	1.368	17.619	22.929	963.000	1.457	22.929	1.065	17.619	740	1.348	17.619	22.929	963.000	1.457	22.929	1.081	60.024	2521	2.236	60.024	44.857	1884.000	1.227	44.857	0.549
56	10.078	29.453	1561	2.229	24.143	23.619	992	1.463	23.619	0.656	24.143	1014	1.827	24.143	23.619	992	1.463	23.619	0.801	57.024	2395	2.092	57.024	48.286	2028	1.331	48.286	0.636
57	8.962	21.978	989	1.641	22.024	28.690	1205	1.762	28.690	1.074	22.024	925.000	1.644	22.024	28.690	1205	1.762	28.690	1.072	45.143	1896.000	1.618	45.143	47.357	1989.000	1.311	47.357	0.811
58	8.504	22.543	1037	1.639	15.143	30.952	1300	1.833	30.952	1.118	15.143	636	1.101	15.143	30.952	1300	1.833	30.952	1.664	54.214	2277	1.905	54.214	43.548	1829.000	1.211	43.548	0.636
59	8.385	22.028	793	1.587	22.976	21.381	898	1.262	21.381	0.795	22.976	965.000	1.656	22.976	21.381	898	1.262	21.381	0.762	61.619	2588	2.122	61.619	39.976	1679	1.084	39.976	0.511
60	10.892	15.714	880	1.167	16.952	31.643	1329	1.916	31.643	1.642	16.952	712	1.259	16.952	31.643	1329	1.916	31.643	1.522	58.881	2473	2.069	58.881	57.929	2433	1.486	57.929	0.718
61	7.504	23.816	905.000	1.702	20.476	30.548	1283	1.746	30.548	1.026	20.476	860.000	1.463	20.476	30.548	1283	1.746	30.548	1.193	59.595	2503	2.036	59.595	59.190	2486	1.498	59.190	0.736
62	6.388	25.424	839	1.807	25.810	30.357	1275	1.727	30.357	0.955	25.810	1084	1.835	25.810	30.357	1275	1.727	30.357	0.941	71.762	3014	2.402	71.762	30.571	1284	0.769	30.571	0.320
63	6.265	20.846	542	1.447	25.095	32.976	1385	1.812	32.976	1.252	25.095	1054	1.741	25.095	32.976	1385	1.812	32.976	1.040	83.500	3507	2.730	83.500	34.857	1464.000	0.876	34.857	0.321
64	10.062	19.020	932	1.330	17.119	25.833	1085	1.433	25.833	1.078	17.119	719	1.197	17.119	25.833	1085	1.433	25.833	1.198	36.619	1538	1.198	36.619	39.143	1644.000	0.979	39.143	0.818
65	5.385	27.069	785	1.868	18.548	30.452	1279	1.653	30.452	0.885	18.548	779	1.280	18.548	30.452	1279	1.653	30.452	1.291	55.952	2350	1.785	55.952	38.833	1631	0.964	38.833	0.540
66	5.590	31.167	935	2.108	28.405	33.119	1391	1.776	33.119	0.843	28.405	1193	1.921	28.405	33.119	1391	1.776	33.119	0.925	59.548	2501	1.889	59.548	51.452	2161	1.270	51.452	0.672
67	6.500	46.321	1297	3.103	32.167	36.833	1547	1.961	36.833	0.632	32.167	1351	2.155	32.167	36.833	1547	1.961	36.833	0.910	70.095	2944.000	2.207	70.095	35.667	1498	0.886	35.667	0.402
68	8.078	26.048	1094	1.827	29.190	25.738	1081	1.439	25.738	0.788	29.190	1226	2.047	29.190	25.738	1081	1.439	25.738	0.703	72.714	3054.000	2.369	72.714	35.952	1510.000	0.880	35.952	0.371
69	8.062	22.093	950	1.530	19.667	40.786	1713	2.228	40.786	1.456	19.667	826	1.362	19.667	40.786	1713	2.228	40.786	1.636	72.429	3042	2.342	72.429	44	1848	1.081	44	0.462
70	11.654	23.672	1373	1.658	19.714	29.333	1232	1.650	29.333	0.996	19.714	828	1.381	19.714	29.333	1232	1.650	29.333	1.195	60.524	2542	2.001	60.524	46.119	1937	1.139	46.119	0.569
71	16.020	18.520	1389	1.315	22.762	37.238	1564	2.125	37.238	1.616	22.762	956	1.617	22.762	37.238	1564	2.125	37.238	1.314	64.857	2724	2.152	64.857	46.405	1949	1.139	46.405	0.529
72	11.654	21.458	1266	1.547	21.071	40.071	1683	2.321	40.071	1.500	21.071	885.000	1.519	21.071	40.071	1683	2.321	40.071	1.527	62.667	2632	2.151	62.667	40.929	1719	1.040	40.929	0.483
73	10.621	25.356	1141	1.830	21.690	41.714	1752	2.430	41.714	1.328	21.690	911	1.565	21.690	41.714	1752	2.430	41.714	1.553	59.833	2513	2.042	59.833	49	2058	1.213	49	0.594
74	8.280	22.611	814	1.625	18.786	50.738	2131	2.933	50.738	1.804	18.786	789	1.350	18.786	50.738	2131	2.933	50.738	2.172	72.262	3035	2.435	72.262	45.786	1923	1.136	45.786	0.467
75	9.621	22.045	970	1.630	20.571	34.214	1437	2.063	34.214	1.266	20.571	864.000	1.521	20.571	34.214	1437	2.063	34.214	1.357	54.119	2273	1.902	54.119	36.762	1544	0.923	36.762	0.485
76	9.169	18.068	795.000	1.340	24.643	28.905	1214	1.772	28.905	1.322	24.643	1035	1.828	24.643	28.905	1214	1.772	28.905	0.969	82.619	3470	2.936	82.619	43.857	1842.000	1.138	43.857	0.388
77	8.610	13.383	629	1.008	22.452	27.619	1160	1.720	27.619	1.706	22.452	943	1.691	22.452	27.619	1160	1.720	27.619	1.017	65.071	2733	2.303	65.071	40.952	1720.000	1.031	40.952	0.448
78	8.835	28.958	1390	2.160	17.119	19.667	826	1.215	19.667	0.562	17.119	719	1.277	17.119	19.667	826	1.215	19.667	0.951	64.571	2712	2.305	64.571	41.452	1741.000	1.026	41.452	0.445
79	10.770	18.448	1070	1.426	24.952	25.452	1069	1.643	25.452	1.152	24.952	1048	1.929	24.952	25.452	1069	1.643	25.452	0.851	67.548	2837	2.466	67.548	49.214	2067	1.201	49.214	0.487
80	7.906	24.238	1018	1.801	22.500	31.690	1331	1.935	31.690	1.074	22.500	945	1.672	22.500	31.690	1331	1.935	31.690	1.157	67.024	2815	2.356	67.024	50.905	2138	1.248	50.905	0.530
81	7.045	23.763	903	1.791	19.452	27.976	1175	1.742	27.976	0.973	19.452	817	1.466	19.452	27.976	1175	1.742	27.976	1.188	55.690	2339	1.996	55.690	49.095	2062	1.205	49.095	0.603
82	6.600	21.697	716	1.611	22.857	29.857	1254	1.820	29.857	1.130	22.857	960	1.697	22.857	29.857	1254	1.820	29.857	1.073	57.929	2433	2.045	57.929	58.167	2443	1.446	58.167	0.707
83	7.382	18.500	666	1.311	14.095	26.048	1094	1.496	26.048	1.141	14.095	592	0.998	14.095	26.048	1094	1.496	26.048	1.498	48.643	2043.000	1.642	48.643	45.381	1906	1.127	45.381	0.687
84	8.404	24.205	944	1.757	18.381	31.952	1342	1.900	31.952	1.081	18.381	772	1.334	18.381	31.952	1342	1.900	31.952	1.424	64.738	2719	2.221	64.738	52.833	2219	1.314	52.833	0.592
85	5.942	18.968	588	1.356	22.619	30.929	1299	1.795	30.929	1.324	22.619	950	1.618	22.619	30.929	1299	1.795	30.929	1.110	69	2898	2.359	69	48.071	2019	1.202	48.071	0.510
86	6.801	21.719	695	1.541	26.214	32.643	1371.000	1.865	32.643	1.210	26.214	1101	1.860	26.214	32.643	1371.000	1.865	32.643	1.003	62.952	2644	2.140	62.952	38.333	1610	0.978	38.333	0.457
87	8.696	20.625	825	1.418	26.786	27.095	1138	1.490	27.095	1.051	26.786	1125	1.842	26.786	27.095	1138	1.490	27.095	0.809	52.095	2188	1.701	52.095	33.786	1419	0.852	33.786	0.501
88	10.770	26.729	1283	1.824	19.262	24.905	1046	1.348	24.905	0.739	19.262	809	1.314	19.262	24.905	1046	1.348	24.905	1.026	73.571	3090	2.395	73.571	46.762	1964	1.165	46.762	0.486
89	10.934	18.554	1039	1.272	16.310	23.405	983	1.280	23.405	1.006	16.310	685	1.118	16.310	23.405	983	1.280	23.405	1.145	76.333	3206	2.491	76.333	39.262	1649	0.979	39.262	0.393
90	8.004	24.675	987	1.721	32.810	30.833	1295	1.735	30.833	1.008	32.810	1378	2.288	32.810	30.833	1295	1.735	30.833	0.758	59.405	2495	1.991	59.405	44.667	1876	1.111	44.667	0.558
91	8.867	20.370	937	1.401	23.214	48.048	2018.000	2.628	48.048	1.876	23.214	975	1.597	23.214	48.048	2018.000	2.628	48.048	1.646	68.667	2884	2.237	68.667	38.310	1609	0.959	38.310	0.429
92	8.721	19.383	911.000	1.296	30.143	45.357	1905.000	2.412	45.357	1.862	30.143	1266	2.015	30.143	45.357	1905.000	2.412	45.357	1.197	72.333	3038	2.312	72.333	39.357	1653.000	0.986	39.357	0.426
93	9.657	22.467	1011.000	1.526	30.048	37.952	1594.000	2.056	37.952	1.347	30.048	1262	2.041	30.048	37.952	1594.000	2.056	37.952	1.007	96.833	4067	3.131	96.833	33.071	1389	0.828	33.071	0.264
94	10.636	24.672	1431	1.619	26.548	45.452	1909.000	2.355	45.452	1.455	26.548	1115	1.742	26.548	45.452	1909.000	2.355	45.452	1.352	78.048	3278	2.475	78.048	36	1512	0.901	36	0.364
95	8.732	30.696	1412	1.996	25.405	49.952	2098	2.557	49.952	1.281	25.405	1067	1.652	25.405	49.952	2098	2.557	49.952	1.548	65.310	2743	2.038	65.310	47.262	1985	1.186	47.262	0.582
96	8.835	34.326	1476.000	2.206	24.738	41.024	1723	2.081	41.024	0.943	24.738	1039	1.590	24.738	41.024	1723	2.081	41.024	1.309	81.405	3419.000	2.517	81.405	35.119	1475	0.882	35.119	0.350
97	9.059	39.911	1796	2.577	24.286	39.476	1658	2.012	39.476	0.781	24.286	1020	1.568	24.286	39.476	1658	2.012	39.476	1.283	84.881	3565	2.645	84.881	28.619	1202	0.718	28.619	0.272
98	10.078	33.341	1467	2.205	35.429	56.381	2368	2.970	56.381	1.347	35.429	1488	2.343	35.429	56.381	2368	2.970	56.381	1.268	81.976	3443	2.588	81.976	45.714	1920	1.146	45.714	0.443
99	9.890	41.816	2049	2.724	32.548	57.143	2400	2.946	57.143	1.082	32.548	1367.000	2.120	32.548	57.143	2400	2.946	57.143	1.390	75.167	3157	2.381	75.167	41.952	1762.000	1.070	41.952	0.449
100	10.636	31.776	1843	1.981	36.833	55.381	2326	2.702	55.381	1.364	36.833	1547	2.296	36.833	55.381	2326	2.702	55.381	1.176	68.905	2894.000	2.084	68.905	43.024	1807	1.086	43.024	0.521
101	10.308	39.646	1903	2.453	36.833	59.071	2481	2.840	59.071	1.158	36.833	1547	2.279	36.833	59.071	2481	2.840	59.071	1.246	73.810	3100	2.205	73.810	35.333	1484	0.898	35.333	0.407
102	7.555	28	1036	1.702	24.738	47.738	2005	2.265	47.738	1.331	24.738	1039	1.503	24.738	47.738	2005	2.265	47.738	1.507	68.833	2891	2.046	68.833	39.714	1668	1.008	39.714	0.492
103	5.815	33.036	925	2.032	28.619	36.548	1535.000	1.769	36.548	0.871	28.619	1202	1.760	28.619	36.548	1535.000	1.769	36.548	1.005	74.262	3119	2.215	74.262	44.595	1873	1.129	44.595	0.510
104	5.590	21.138	613	1.350	23.405	32.429	1362	1.621	32.429	1.201	23.405	983	1.495	23.405	32.429	1362	1.621	32.429	1.084	52.143	2190	1.597	52.143	39.048	1640.000	0.983	39.048	0.616
105	4.138	21.857	459	1.387	23.902	34.341	1408	1.704	34.341	1.229	23.902	980	1.516	23.902	34.341	1408	1.704	34.341	1.124	60.390	2476	1.856	60.390	29.488	1209	0.742	29.488	0.400
106	5.256	26.778	723	1.636	28.714	35.262	1481	1.690	35.262	1.033	28.714	1206	1.754	28.714	35.262	1481	1.690	35.262	0.963	54.500	2289	1.634	54.500	27.452	1153	0.692	27.452	0.424
107	4.366	20.591	453	1.280	26.325	38.100	1524	1.861	38.100	1.454	26.325	1053	1.637	26.325	38.100	1524	1.861	38.100	1.137	54.100	2164	1.656	54.100	34.525	1381	0.871	34.525	0.526
108	8.276	26.846	1047	1.654	21.071	29.429	1236	1.407	29.429	0.851	21.071	885.000	1.298	21.071	29.429	1236	1.407	29.429	1.084	51.524	2164	1.549	51.524	35.548	1493.000	0.899	35.548	0.580
109	8.544	22	1012	1.349	22.976	44	1848	2.098	44	1.555	22.976	965.000	1.409	22.976	44	1848	2.098	44	1.489	64.738	2719	1.945	64.738	35.333	1484	0.895	35.333	0.460
110	7.289	13.727	453	0.864	32.286	39.024	1639	1.898	39.024	2.198	32.286	1356	2.031	32.286	39.024	1639	1.898	39.024	0.935	67.357	2829	2.050	67.357	35.643	1497.000	0.896	35.643	0.437
111	7.504	32.778	1180	2.042	42.071	50.310	2113	2.426	50.310	1.189	42.071	1767	2.620	42.071	50.310	2113	2.426	50.310	0.926	79.643	3345	2.431	79.643	42.476	1784	1.099	42.476	0.452
112	8.162	36.077	1407.000	2.164	40.500	64.476	2708	2.975	64.476	1.375	40.500	1701	2.430	40.500	64.476	2708	2.975	64.476	1.224	79.095	3322.000	2.327	79.095	31.238	1312	0.792	31.238	0.340
113	7.492	32.881	1381	2.010	38.452	58.643	2463	2.787	58.643	1.386	38.452	1615.000	2.351	38.452	58.643	2463	2.787	58.643	1.186	83.690	3515	2.490	83.690	33.833	1421	0.851	33.833	0.342
114	6.828	36.417	1311	2.199	30.571	38.619	1622	1.789	38.619	0.814	30.571	1284	1.846	30.571	38.619	1622	1.789	38.619	0.969	77.381	3250	2.303	77.381	31.476	1322	0.791	31.476	0.343
115	5.154	30.786	862	1.770	43.357	84.571	3552	3.747	84.571	2.117	43.357	1821.000	2.493	43.357	84.571	3552	3.747	84.571	1.503	57.310	2407	1.650	57.310	30.119	1265	0.761	30.119	0.461
116	5.368	34.214	958	2.003	32.829	75.561	3098	3.389	75.561	1.692	32.829	1346	1.922	32.829	75.561	3098	3.389	75.561	1.763	56.415	2313	1.645	56.415	43.707	1792.000	1.103	43.707	0.670
117	7.846	37.619	1580	2.115	36.571	63.405	2663	2.712	63.405	1.282	36.571	1536	2.056	36.571	63.405	2663	2.712	63.405	1.319	71.405	2999.000	2.080	71.405	48.571	2040	1.226	48.571	0.589
118	6.865	30.861	1111	1.872	45.667	52.690	2213	2.452	52.690	1.310	45.667	1918	2.770	45.667	52.690	2213	2.452	52.690	0.885	73.452	3085	2.203	73.452	52.548	2207	1.321	52.548	0.600
119	10.398	46.816	2294	2.644	52.833	74.357	3123	3.193	74.357	1.208	52.833	2219	2.983	52.833	74.357	3123	3.193	74.357	1.070	75.071	3153	2.169	75.071	52.238	2194	1.324	52.238	0.611
120	8.610	40.917	1964	2.342	49.452	72.595	3049.000	3.158	72.595	1.348	49.452	2077	2.831	49.452	72.595	3049.000	3.158	72.595	1.115	75.571	3174	2.195	75.571	53.214	2235	1.341	53.214	0.611
121	11.424	35.056	1893	2.046	31.262	57.714	2424	2.542	57.714	1.242	31.262	1313	1.824	31.262	57.714	2424	2.542	57.714	1.393	73.524	3088	2.179	73.524	45.810	1924	1.149	45.810	0.528
122	10.287	46.222	2496	2.698	30.881	53.595	2251	2.387	53.595	0.885	30.881	1297	1.802	30.881	53.595	2251	2.387	53.595	1.324	80.452	3379	2.385	80.452	39.548	1661.000	1.001	39.548	0.420
123	9.728	40.659	1789	2.450	43.786	60.214	2529	2.789	60.214	1.138	43.786	1839	2.639	43.786	60.214	2529	2.789	60.214	1.057	73.238	3076	2.223	73.238	34.714	1458	0.878	34.714	0.395
124	10.180	37.367	1831	2.164	45.190	46.857	1968.000	2.091	46.857	0.966	45.190	1898	2.618	45.190	46.857	1968.000	2.091	46.857	0.799	77.643	3261	2.351	77.643	48.429	2034	1.225	48.429	0.521
125	8.635	39.652	1824	2.228	53.310	54.690	2297	2.345	54.690	1.052	53.310	2239	2.996	53.310	54.690	2297	2.345	54.690	0.783	79.619	3344	2.363	79.619	40.476	1700	1.019	40.476	0.431
126	10.446	38.592	1891	2.089	43.952	52.286	2196	2.134	52.286	1.022	43.952	1846.000	2.379	43.952	52.286	2196	2.134	52.286	0.897	75.500	3171	2.209	75.500	39.667	1666	0.996	39.667	0.451
127	11.236	43.508	2741	2.496	41.310	44.810	1882	1.944	44.810	0.779	41.310	1735	2.370	41.310	44.810	1882	1.944	44.810	0.820	74.286	3120.000	2.211	74.286	43.167	1813	1.085	43.167	0.491
128	12.096	43.932	2592	2.437	44.262	43.548	1829.000	1.836	43.548	0.753	44.262	1859	2.455	44.262	43.548	1829.000	1.836	43.548	0.748	72.619	3050	2.130	72.619	35.619	1496	0.900	35.619	0.422
129	10.753	26.339	1475	1.480	41.786	39.643	1665.000	1.688	39.643	1.140	41.786	1755	2.348	41.786	39.643	1665.000	1.688	39.643	0.719	68.286	2868.000	2.007	68.286	30	1260	0.756	30	0.377
130	10.515	41	2296	2.356	36.500	45.595	1915	1.988	45.595	0.844	36.500	1533	2.098	36.500	45.595	1915	1.988	45.595	0.948	66.881	2809	1.991	66.881	38.952	1636.000	0.976	38.952	0.490
131	11.885	34.836	2125	2.006	44.500	48.714	2046	2.115	48.714	1.054	44.500	1869	2.563	44.500	48.714	2046	2.115	48.714	0.825	54.452	2287	1.618	54.452	39.643	1665.000	0.990	39.643	0.612
132	11.161	27.456	1565	1.570	28.500	36.381	1528	1.575	36.381	1.003	28.500	1197	1.629	28.500	36.381	1528	1.575	36.381	0.967	58.786	2469	1.729	58.786	35.381	1486	0.880	35.381	0.509
133	10.201	34.962	1818	1.939	36.333	47.833	2009	2.018	47.833	1.041	36.333	1526	2.015	36.333	47.833	2009	2.018	47.833	1.002	66.690	2801	1.932	66.690	31.143	1308	0.778	31.143	0.403
134	8.223	35.152	1617	1.925	43.238	53.881	2263	2.256	53.881	1.172	43.238	1816	2.368	43.238	53.881	2263	2.256	53.881	0.953	52.405	2201	1.515	52.405	30.452	1279	0.766	30.452	0.505
135	8.867	36.333	1635	2.018	40.786	47.714	2004	2.010	47.714	0.996	40.786	1713	2.266	40.786	47.714	2004	2.010	47.714	0.887	58.667	2464	1.740	58.667	37.595	1579	0.940	37.595	0.540
136	10.078	21.906	1161	1.217	32.095	41.690	1751	1.751	41.690	1.440	32.095	1348	1.783	32.095	41.690	1751	1.751	41.690	0.983	56.452	2371	1.651	56.452	35.810	1504	0.899	35.810	0.544
137	9.737	23.556	1060	1.351	24.905	38.333	1610	1.677	38.333	1.242	24.905	1046	1.428	24.905	38.333	1610	1.677	38.333	1.174	68.190	2864	1.997	68.190	38.381	1612	0.955	38.381	0.478
138	9.014	24.826	1142	1.456	25.619	31.690	1331	1.404	31.690	0.965	25.619	1076	1.502	25.619	31.690	1331	1.404	31.690	0.935	69.667	2926	2.073	69.667	32.738	1375	0.813	32.738	0.392
139	9.280	25.956	1168	1.533	35.286	37.024	1555	1.664	37.024	1.085	35.286	1482	2.084	35.286	37.024	1555	1.664	37.024	0.798	71.238	2992	2.126	71.238	44.310	1861	1.099	44.310	0.517
140	6.964	38	1482	2.264	33.333	45.286	1902	2.044	45.286	0.903	33.333	1400	1.986	33.333	45.286	1902	2.044	45.286	1.030	61.476	2582	1.837	61.476	48.500	2037	1.199	48.500	0.652
141	7.163	49.062	1570	2.971	44.476	48.833	2051	2.241	48.833	0.754	44.476	1868	2.693	44.476	48.833	2051	2.241	48.833	0.832	86.238	3622	2.635	86.238	44.595	1873	1.095	44.595	0.415
142	6.964	48.844	1563	2.967	38.048	57.929	2433	2.677	57.929	0.902	38.048	1598.000	2.311	38.048	57.929	2433	2.677	57.929	1.158	77.310	3247	2.358	77.310	41.619	1748	1.025	41.619	0.434
143	8.779	31.913	1468	1.924	37.571	35.667	1498	1.637	35.667	0.851	37.571	1578	2.265	37.571	35.667	1498	1.637	35.667	0.723	69.238	2908	2.114	69.238	49.833	2093	1.227	49.833	0.580
144	7.988	30.351	1123	1.881	27.214	44.476	1868	2.111	44.476	1.122	27.214	1143	1.687	27.214	44.476	1868	2.111	44.476	1.251	65.119	2735	1.993	65.119	40.381	1696	0.991	40.381	0.497
145	9.582	33.617	1580	2.098	28.667	46.262	1943	2.207	46.262	1.052	28.667	1204	1.789	28.667	46.262	1943	2.207	46.262	1.234	64.810	2722	2.010	64.810	38.333	1610	0.937	38.333	0.466
146	7.433	37.846	1476	2.335	35.048	55.857	2346	2.614	55.857	1.120	35.048	1472.000	2.162	35.048	55.857	2346	2.614	55.857	1.209	61.857	2598	1.882	61.857	36.381	1528	0.893	36.381	0.474
147	8.610	39.083	1876	2.415	26.619	42.238	1774	1.993	42.238	0.826	26.619	1118	1.645	26.619	42.238	1774	1.993	42.238	1.212	76.476	3212	2.365	76.476	32.095	1348	0.785	32.095	0.332
148	5.712	36	1044	2.280	29.381	41.143	1728.000	2.014	41.143	0.883	29.381	1234	1.861	29.381	41.143	1728.000	2.014	41.143	1.082	78.690	3305	2.480	78.690	40.286	1692	0.986	40.286	0.397
149	5.483	30.828	894	1.879	32.595	42.095	1768	1.950	42.095	1.038	32.595	1369	1.987	32.595	42.095	1768	1.950	42.095	0.982	62.119	2609	1.896	62.119	39.095	1642	0.967	39.095	0.510
150	8.721	26.625	1278	1.621	28.024	49.810	2092	2.306	49.810	1.422	28.024	1177	1.707	28.024	49.810	2092	2.306	49.810	1.351	58.310	2449	1.799	58.310	42.786	1797	1.046	42.786	0.582
151	7.289	36.921	1403	2.309	37.071	40.429	1698	1.939	40.429	0.840	37.071	1557	2.318	37.071	40.429	1698	1.939	40.429	0.836	64.976	2729	2.036	64.976	38.238	1606	0.930	38.238	0.457
152	8.162	32.558	1400	1.998	30.857	40.595	1705	1.887	40.595	0.944	30.857	1296	1.894	30.857	40.595	1705	1.887	40.595	0.996	55.286	2322	1.718	55.286	41.833	1757	1.016	41.833	0.591
153	10.287	39.918	1956.000	2.526	35.381	40.619	1706	1.971	40.619	0.780	35.381	1486	2.239	35.381	40.619	1706	1.971	40.619	0.880	75.071	3153	2.350	75.071	34.286	1440	0.832	34.286	0.354
154	12.189	28.600	1716	1.823	41.167	42.333	1778	2.067	42.333	1.134	41.167	1729	2.624	41.167	42.333	1778	2.067	42.333	0.788	76.619	3218	2.405	76.619	45.595	1915	1.107	45.595	0.460
155	9.520	40.375	1938	2.567	41.619	57.857	2430	2.814	57.857	1.096	41.619	1748	2.646	41.619	57.857	2430	2.814	57.857	1.064	69.952	2938	2.191	69.952	43.595	1831	1.062	43.595	0.485
156	12.748	31.200	2184	1.968	32.071	48.690	2045	2.332	48.690	1.185	32.071	1347	2.023	32.071	48.690	2045	2.332	48.690	1.152	60.095	2524	1.870	60.095	53.929	2265	1.310	53.929	0.701
157	10.539	29.897	1734	1.961	32.810	50	2100	2.520	50	1.285	32.810	1378	2.153	32.810	50	2100	2.520	50	1.171	61.643	2589	1.988	61.643	39.952	1678.000	0.969	39.952	0.487
158	13.400	30.661	1901	2.002	31.095	44	1848	2.201	44	1.099	31.095	1306	2.030	31.095	44	1848	2.201	44	1.084	70.429	2958	2.281	70.429	43.024	1807	1.044	43.024	0.458
159	9.411	47.235	2409	3.045	39.595	51.548	2165	2.535	51.548	0.833	39.595	1663	2.552	39.595	51.548	2165	2.535	51.548	0.993	62.952	2644	2.044	62.952	55.690	2339	1.356	55.690	0.663
160	13.521	24.206	1646	1.521	32.524	31.548	1325	1.503	31.548	0.988	32.524	1366	2.044	32.524	31.548	1325	1.503	31.548	0.735	71.167	2989	2.227	71.167	41.167	1729	0.998	41.167	0.448
161	11.753	32.407	1912	2.085	32.857	50.238	2110	2.461	50.238	1.180	32.857	1380.000	2.114	32.857	50.238	2110	2.461	50.238	1.164	69.881	2935	2.216	69.881	55.452	2329	1.347	55.452	0.608
162	14.809	35.026	2662	2.211	36.405	43.214	1815	2.065	43.214	0.934	36.405	1529	2.298	36.405	43.214	1815	2.065	43.214	0.899	69.381	2914	2.190	69.381	36.595	1537	0.890	36.595	0.406
163	10.914	37.269	1938.000	2.347	39	55.929	2349	2.677	55.929	1.141	39	1638	2.456	39	55.929	2349	2.677	55.929	1.090	79.048	3320	2.483	79.048	41.833	1757	1.015	41.833	0.409
164	8.867	30.186	1298	1.933	35.881	51.762	2174	2.515	51.762	1.301	35.881	1507	2.298	35.881	51.762	2174	2.515	51.762	1.094	79.786	3351.000	2.568	79.786	48.833	2051	1.180	48.833	0.459
165	9.823	29.326	1349	1.886	31.643	37.905	1592	1.849	37.905	0.980	31.643	1329	2.035	31.643	37.905	1592	1.849	37.905	0.909	88.810	3730	2.850	88.810	37.190	1562	0.901	37.190	0.316
166	8.620	26.132	993	1.692	37.119	45.548	1913.000	2.255	45.548	1.332	37.119	1559	2.404	37.119	45.548	1913.000	2.255	45.548	0.938	73.476	3086	2.372	73.476	38.357	1611.000	0.927	38.357	0.391
167	11.560	37.569	2179	2.494	34.524	53.714	2256	2.727	53.714	1.094	34.524	1450	2.292	34.524	53.714	2256	2.727	53.714	1.190	93.262	3917	3.038	93.262	34.833	1463	0.844	34.833	0.278
168	11.470	35.421	2019.000	2.192	39.905	44.310	1861	2.073	44.310	0.946	39.905	1676	2.470	39.905	44.310	1861	2.073	44.310	0.839	70.786	2973.000	2.206	70.786	41.095	1726	0.995	41.095	0.451
169	9.290	27.917	1340	1.823	34.333	40.333	1694	2.009	40.333	1.102	34.333	1442	2.242	34.333	40.333	1694	2.009	40.333	0.896	86.429	3630	2.806	86.429	35.167	1477	0.848	35.167	0.302
170	11.560	33.931	1968	2.132	42.571	36.952	1552.000	1.765	36.952	0.828	42.571	1788	2.675	42.571	36.952	1552.000	1.765	36.952	0.660	73.738	3097	2.323	73.738	36.333	1526	0.878	36.333	0.378
171	8.280	43.200	1728	2.893	29.024	40.381	1696	2.065	40.381	0.714	29.024	1219	1.944	29.024	40.381	1696	2.065	40.381	1.063	70.833	2975	2.306	70.833	36.976	1553	0.886	36.976	0.384
172	7.045	22.647	770	1.471	25.214	45.214	1899	2.236	45.214	1.520	25.214	1059	1.637	25.214	45.214	1899	2.236	45.214	1.366	78.405	3293.000	2.484	78.405	42.714	1794	1.022	42.714	0.412
173	6.374	37.516	1163	2.454	39.357	59.524	2500	2.990	59.524	1.219	39.357	1653.000	2.574	39.357	59.524	2500	2.990	59.524	1.162	65.810	2764	2.118	65.810	50.429	2118	1.205	50.429	0.569
174	6.250	37.188	1190	2.535	43.167	66.619	2798	3.518	66.619	1.388	43.167	1813	2.942	43.167	66.619	2798	3.518	66.619	1.196	82.810	3478	2.677	82.810	56.714	2382	1.351	56.714	0.505
175	6.500	40.429	1132	2.734	35.476	60.857	2556	3.163	60.857	1.157	35.476	1490	2.399	35.476	60.857	2556	3.163	60.857	1.318	85.738	3601	2.782	85.738	56.476	2372	1.348	56.476	0.485
176	7.211	38.611	1390	2.489	34.405	62.405	2621	3.086	62.405	1.240	34.405	1445	2.218	34.405	62.405	2621	3.086	62.405	1.391	75.619	3176	2.366	75.619	45.262	1901	1.087	45.262	0.460
177	7.521	42.514	1573	2.779	35.429	43.119	1811	2.195	43.119	0.790	35.429	1488	2.316	35.429	43.119	1811	2.195	43.119	0.948	80.286	3372.000	2.538	80.286	49.143	2064	1.206	49.143	0.475
178	7.433	27.919	1033	1.914	29.405	50.571	2124	2.706	50.571	1.413	29.405	1235	2.016	29.405	50.571	2124	2.706	50.571	1.342	110.786	4653	3.618	110.786	57.048	2396	1.356	57.048	0.375
179	10.914	30.517	1770	2.144	30.405	45.048	1892.000	2.464	45.048	1.149	30.405	1277	2.136	30.405	45.048	1892.000	2.464	45.048	1.153	92.405	3881.000	3.130	92.405	45.929	1929	1.075	45.929	0.344
180	11.524	19.870	1073	1.544	26.262	28.071	1179	1.787	28.071	1.158	26.262	1103	2.040	26.262	28.071	1179	1.787	28.071	0.876	78.667	3304	3.095	78.667	44.690	1877	1.236	44.690	0.399
181	9.520	21.396	1027	1.492	24.143	38.952	1636.000	2.113	38.952	1.416	24.143	1014	1.683	24.143	38.952	1636.000	2.113	38.952	1.255	69.262	2909	2.368	69.262	48.190	2024	1.166	48.190	0.492
182	10.539	22.741	1319	1.612	24.381	26.048	1094	1.458	26.048	0.905	24.381	1024	1.729	24.381	26.048	1094	1.458	26.048	0.844	86.262	3623	2.944	86.262	41.286	1734	0.982	41.286	0.334
183	9.650	35.915	1688	2.604	35.833	38.333	1610	2.188	38.333	0.840	35.833	1505	2.598	35.833	38.333	1610	2.188	38.333	0.842	84.976	3569	2.964	84.976	38.310	1609	0.906	38.310	0.306
184	9.953	25.408	1245	1.882	21.500	36.024	1513	2.102	36.024	1.117	21.500	903	1.593	21.500	36.024	1513	2.102	36.024	1.320	89.929	3777	3.270	89.929	43.381	1822	1.021	43.381	0.312
185	9.411	19.205	845	1.437	23.905	31.929	1341	1.883	31.929	1.310	23.905	1004	1.789	23.905	31.929	1341	1.883	31.929	1.053	91.810	3856	3.340	91.810	57.667	2422	1.344	57.667	0.402
186	9.100	30	1440	2.246	29.619	37.238	1564	2.204	37.238	0.981	29.619	1244	2.217	29.619	37.238	1564	2.204	37.238	0.994	90.095	3784.000	3.296	90.095	44.690	1877	1.059	44.690	0.321
187	9.890	23.453	1243	1.748	28.452	34.619	1454	2.035	34.619	1.164	28.452	1195	2.120	28.452	34.619	1454	2.035	34.619	0.960	95.929	4029	3.477	95.929	39.524	1660	0.916	39.524	0.264
188	7.492	20.595	865	1.507	21.786	29.167	1225	1.686	29.167	1.118	21.786	915	1.594	21.786	29.167	1225	1.686	29.167	1.057	74.500	3129	2.691	74.500	38.143	1602.000	0.892	38.143	0.331
189	7.945	19.214	807	1.421	24.833	27.881	1171	1.603	27.881	1.128	24.833	1043	1.837	24.833	27.881	1171	1.603	27.881	0.873	61.857	2598	2.249	61.857	41.262	1733	0.964	41.262	0.429
190	7.669	27.571	1158	2.011	23.571	25.810	1084	1.460	25.810	0.726	23.571	990.000	1.719	23.571	25.810	1084	1.460	25.810	0.849	65.143	2736	2.351	65.143	34.405	1445	0.817	34.405	0.347
191	5.368	29.231	760	2.125	20.048	25.286	1062	1.430	25.286	0.673	20.048	842	1.458	20.048	25.286	1062	1.430	25.286	0.981	53.500	2247	1.948	53.500	41.405	1739	0.997	41.405	0.512
192	6.708	16.500	594	1.238	24.381	25.095	1054	1.486	25.095	1.200	24.381	1024	1.830	24.381	25.095	1054	1.486	25.095	0.812	78.714	3306.000	2.980	78.714	38.762	1628	0.942	38.762	0.316
193	6.946	16.500	594	1.288	18.833	30.738	1291	1.928	30.738	1.497	18.833	791	1.470	18.833	30.738	1291	1.928	30.738	1.312	73.833	3101	2.959	73.833	45.310	1903	1.118	45.310	0.378
194	8.051	21.429	900.000	1.698	20.214	30.524	1282	1.985	30.524	1.169	20.214	849	1.602	20.214	30.524	1282	1.985	30.524	1.239	73.976	3107	3.061	73.976	40.381	1696	1.043	40.381	0.341
195	7.988	19.211	730	1.548	13.381	34.095	1432	2.239	34.095	1.447	13.381	562	1.078	13.381	34.095	1432	2.239	34.095	2.077	52.500	2205	2.203	52.500	36.524	1534	0.941	36.524	0.427
196	7.387	15	600	1.222	16.500	30.024	1261	2.017	30.024	1.651	16.500	693	1.344	16.500	30.024	1261	2.017	30.024	1.501	56.667	2380	2.391	56.667	31.524	1324	0.817	31.524	0.342
197	8.544	23.816	905.000	1.908	27.214	29.476	1238	1.919	29.476	1.006	27.214	1143	2.180	27.214	29.476	1238	1.919	29.476	0.880	60.619	2546	2.489	60.619	45.690	1919	1.155	45.690	0.464
198	6.933	10.500	357	0.858	18.857	26.357	1107	1.763	26.357	2.054	18.857	792	1.542	18.857	26.357	1107	1.763	26.357	1.143	59.357	2493	2.474	59.357	38.667	1624	0.979	38.667	0.396
199	5.590	21.038	547	1.646	23.262	42	1764	2.624	42	1.594	23.262	977	1.820	23.262	42	1764	2.624	42	1.442	62.238	2614	2.448	62.238	34.476	1448	0.796	34.476	0.325
200	6.388	15.378	569	1.270	16.524	32.833	1379	2.209	32.833	1.739	16.524	694.000	1.365	16.524	32.833	1379	2.209	32.833	1.619	47.667	2002	2.081	47.667	37.500	1575	0.930	37.500	0.447
201	8.385	32.900	1316	2.614	20.929	26.619	1118	1.682	26.619	0.644	20.929	879.000	1.663	20.929	26.619	1118	1.682	26.619	1.012	62.286	2616	2.546	62.286	44.643	1875.000	1.064	44.643	0.418
202	6.731	24.719	791	2.040	14.810	30	1260	2.009	30	0.985	14.810	622	1.222	14.810	30	1260	2.009	30	1.643	51.762	2174	2.253	51.762	51.571	2166	1.267	51.571	0.562
203	8.867	23.512	1011	1.905	26.238	37.643	1581.000	2.470	37.643	1.296	26.238	1102	2.126	26.238	37.643	1581.000	2.470	37.643	1.162	44.786	1881	1.908	44.786	60.143	2526	1.459	60.143	0.764
204	10.398	19.711	887	1.579	19.595	28.595	1201	1.869	28.595	1.183	19.595	823	1.570	19.595	28.595	1201	1.869	28.595	1.190	51.190	2150	2.099	51.190	48.810	2050	1.117	48.810	0.532
205	7.603	16.421	624	1.304	18.524	31.095	1306	1.981	31.095	1.519	18.524	778.000	1.471	18.524	31.095	1306	1.981	31.095	1.347	59.238	2488	2.404	59.238	60	2520	1.375	60	0.572
206	11.161	21.617	1016.000	1.730	25.167	26.500	1113	1.706	26.500	0.986	25.167	1057	2.014	25.167	26.500	1113	1.706	26.500	0.847	47.476	1994	1.928	47.476	70.643	2967	1.638	70.643	0.850
207	7.433	19.351	716	1.560	21.357	44.690	1877	2.908	44.690	1.864	21.357	897	1.722	21.357	44.690	1877	2.908	44.690	1.689	50.905	2138	2.102	50.905	56.429	2370	1.309	56.429	0.623
208	10.201	21.615	1124	1.751	17.929	32.810	1378	2.152	32.810	1.229	17.929	753.000	1.452	17.929	32.810	1378	2.152	32.810	1.482	63.452	2665	2.649	63.452	54.310	2281	1.272	54.310	0.480
209	8.062	23.021	1082	1.869	20.690	42.167	1771	2.755	42.167	1.474	20.690	869	1.680	20.690	42.167	1771	2.755	42.167	1.640	63.190	2654	2.588	63.190	63.262	2657	1.474	63.262	0.569
210	11.622	24.821	1390	1.994	20.857	37.619	1580	2.441	37.619	1.224	20.857	876	1.676	20.857	37.619	1580	2.441	37.619	1.457	75.333	3164	3.123	75.333	63	2646	1.472	63	0.471
211	11.581	25.533	1532	2.098	17.500	31.119	1307	2.099	31.119	1.001	17.500	735	1.438	17.500	31.119	1307	2.099	31.119	1.460	73.405	3083.000	3.087	73.405	87.286	3666.000	2.025	87.286	0.656
212	11.600	19.328	1237	1.610	18.667	27.833	1169	1.910	27.833	1.186	18.667	784	1.555	18.667	27.833	1169	1.910	27.833	1.228	70.024	2941	3.032	70.024	49.952	2098	1.149	49.952	0.379
213	13.285	19.803	1307	1.698	19.857	31.167	1309	2.202	31.167	1.297	19.857	834	1.703	19.857	31.167	1309	2.202	31.167	1.293	74.286	3120.000	3.417	74.286	62.976	2645	1.446	62.976	0.423
214	12.870	23.831	1549	2.080	19.595	30.333	1274	2.202	30.333	1.059	19.595	823	1.711	19.595	30.333	1274	2.202	30.333	1.287	66.595	2797.000	3.179	66.595	59.429	2496	1.362	59.429	0.429
215	12.870	20.015	1361	1.780	18.214	31.405	1319	2.337	31.405	1.313	18.214	765	1.620	18.214	31.405	1319	2.337	31.405	1.442	62.905	2642	3.077	62.905	51.167	2149	1.194	51.167	0.388
216	11.294	19.351	1103	1.766	22.667	41.905	1760	3.295	41.905	1.866	22.667	952	2.069	22.667	41.905	1760	3.295	41.905	1.593	48.214	2025	2.498	48.214	53.738	2257	1.372	53.738	0.549
217	11.630	17.500	945	1.563	19.476	30.024	1261	2.284	30.024	1.461	19.476	818.000	1.739	19.476	30.024	1261	2.284	30.024	1.313	64.571	2712	3.251	64.571	51.595	2167	1.212	51.595	0.373
218	11.180	18.940	947.000	1.728	24.262	22.429	942.000	1.760	22.429	1.019	24.262	1019	2.213	24.262	22.429	942.000	1.760	22.429	0.795	66	2772	3.413	66	41.071	1725	0.981	41.071	0.287
219	9.724	15.405	647	1.428	19.167	22.500	945	1.807	22.500	1.265	19.167	805	1.776	19.167	22.500	945	1.807	22.500	1.017	49.786	2091	2.668	49.786	37.881	1591	0.974	37.881	0.365
220	10.512	14.265	699	1.288	18.381	21.238	892	1.637	21.238	1.271	18.381	772	1.660	18.381	21.238	892	1.637	21.238	0.986	43.952	1846.000	2.264	43.952	50.643	2127	1.212	50.643	0.535
221	12.026	14.433	866	1.282	19.833	37.571	1578	2.817	37.571	2.197	19.833	833	1.762	19.833	37.571	1578	2.817	37.571	1.598	51.619	2168	2.597	51.619	47.881	2011	1.106	47.881	0.426
222	8.224	19.535	840	1.772	22.524	22.643	951	1.730	22.643	0.977	22.524	946.000	2.043	22.524	22.643	951	1.730	22.643	0.847	60.667	2548	3.102	60.667	46.667	1960	1.068	46.667	0.344
223	8.032	66	2706	3.468	52	23.619	992	1.834	23.619	0.529	23.071	969.000	2.088	23.071	23.619	992	1.834	23.619	0.878	52	2184	2.733	52	58.667	2464	1.343	58.667	0.491
224	10.062	47.568	2093	2.532	55.643	26.238	1102	2.045	26.238	0.808	18.952	796	1.739	18.952	26.238	1102	2.045	26.238	1.176	55.643	2337	2.962	55.643	57.857	2430	1.331	57.857	0.449
225	9.582	44.341	1951	2.390	41.238	16.071	675.000	1.264	16.071	0.529	17.619	740	1.622	17.619	16.071	675.000	1.264	16.071	0.780	41.238	1732	2.223	41.238	61.762	2594	1.432	61.762	0.644
226	9.192	48.087	2212	2.540	51.405	18.476	776.000	1.442	18.476	0.568	12.333	518	1.121	12.333	18.476	776.000	1.442	18.476	1.287	51.405	2159	2.716	51.405	68.500	2877	1.564	68.500	0.576
227	8.610	54.628	2349	2.960	43.905	24.571	1032	1.951	24.571	0.659	12.286	516	1.134	12.286	24.571	1032	1.951	24.571	1.720	43.905	1844	2.379	43.905	61.833	2597	1.424	61.833	0.599
228	8.610	45.209	1944	2.455	37.405	15.429	648	1.216	15.429	0.495	13	546	1.198	13	15.429	648	1.216	15.429	1.016	37.405	1571	2.032	37.405	59.071	2481	1.364	59.071	0.671
229	9.290	41.731	2170	2.321	30.452	19.857	834	1.591	19.857	0.685	15.071	633	1.409	15.071	19.857	834	1.591	19.857	1.129	30.452	1279	1.694	30.452	56.738	2383	1.317	56.738	0.778
230	9.849	33.717	1787.000	1.985	29.738	20.952	880	1.736	20.952	0.875	14.452	607	1.381	14.452	20.952	880	1.736	20.952	1.257	29.738	1249	1.750	29.738	51.667	2170	1.218	51.667	0.696
231	10.213	32.434	1719	1.877	29.071	16.095	676	1.316	16.095	0.701	10.881	457	1.029	10.881	16.095	676	1.316	16.095	1.280	29.071	1221	1.683	29.071	56.714	2382	1.327	56.714	0.789
232	8.746	31.953	1374	1.866	33.119	17.905	752	1.466	17.905	0.786	20.452	859	1.939	20.452	17.905	752	1.466	17.905	0.756	33.119	1391	1.934	33.119	59.286	2490	1.379	59.286	0.713
233	8.504	37.021	1740	2.176	44.619	17.286	726	1.434	17.286	0.659	11.810	496	1.125	11.810	17.286	726	1.434	17.286	1.274	44.619	1874	2.622	44.619	56	2352	1.330	56	0.507
234	12.219	37.712	2489	2.189	30.429	16.333	686	1.339	16.333	0.612	16.119	677	1.537	16.119	16.333	686	1.339	16.333	0.871	30.429	1278	1.766	30.429	57.238	2404	1.344	57.238	0.761
235	11.853	42.800	2140	2.506	65.429	24.214	1017	2.000	24.214	0.798	14.643	615	1.392	14.643	24.214	1017	2.000	24.214	1.436	65.429	2748	3.831	65.429	85.071	3573	2.019	85.071	0.527
236	13.752	41.417	2982	2.430	52.905	20.810	874	1.708	20.810	0.703	13.476	566	1.275	13.476	20.810	874	1.708	20.810	1.340	52.905	2222	3.104	52.905	83.476	3506	1.951	83.476	0.629
237	10.680	52.250	2717	3.107	43.952	22.714	954	1.870	22.714	0.602	8.667	364	0.828	8.667	22.714	954	1.870	22.714	2.260	43.952	1846.000	2.614	43.952	87.714	3684.000	2.096	87.714	0.802
238	8.721	36.975	1479	2.208	40.119	15.643	657	1.298	15.643	0.588	15.857	666	1.522	15.857	15.643	657	1.298	15.643	0.853	40.119	1685	2.396	40.119	80.429	3378	1.908	80.429	0.797
239	13.463	37.071	2595	2.256	51.595	20.548	863	1.726	20.548	0.765	11.952	502	1.155	11.952	20.548	863	1.726	20.548	1.494	51.595	2167	3.139	51.595	70.643	2967	1.673	70.643	0.533
240	11.194	38.411	2151	2.348	54.452	26.119	1097	2.187	26.119	0.931	13.571	570	1.309	13.571	26.119	1097	2.187	26.119	1.670	54.452	2287	3.328	54.452	76.429	3210	1.802	76.429	0.541
